0	100	1:11 2:89 
1	100	1:34 0:51 2:15 
2	100	0:86 1:3 2:11 
3	100	0:53 1:13 2:34 
4	100	0:55 1:21 2:24 
5	100	2:88 0:12 
6	100	0:67 1:30 2:3 
7	100	2:27 1:54 0:19 
8	100	1:64 2:18 0:18 
9	100	1:64 2:31 0:5 
10	100	1:77 2:20 0:3 
11	100	0:43 1:34 2:23 
12	100	0:20 1:39 2:41 
13	100	2:23 1:69 0:8 
14	100	2:93 1:6 0:1 
15	100	1:30 0:35 2:35 
16	100	2:73 1:23 0:4 
17	100	2:56 1:18 0:26 
18	100	2:40 1:18 0:42 
19	100	0:44 1:54 2:2 
20	100	2:57 0:37 1:6 
21	100	0:14 2:70 1:16 
22	100	0:59 1:5 2:36 
23	100	0:78 2:21 1:1 
24	100	2:40 0:40 1:20 
25	100	2:61 0:24 1:15 
26	100	0:31 1:41 2:28 
27	100	0:58 1:17 2:25 
28	100	2:83 1:11 0:6 
29	100	0:45 1:36 2:19 
30	100	1:89 0:10 2:1 
31	100	1:93 0:5 2:2 
32	100	1:69 2:17 0:14 
33	100	1:41 0:51 2:8 
34	100	1:36 0:53 2:11 
35	100	0:80 1:17 2:3 
36	100	2:44 0:9 1:47 
37	100	2:32 1:48 0:20 
38	100	0:22 1:50 2:28 
39	100	1:46 2:46 0:8 
40	100	0:45 1:16 2:39 
41	100	2:37 1:33 0:30 
42	100	0:11 1:55 2:34 
43	100	0:77 2:17 1:6 
44	100	0:79 2:12 1:9 
45	100	0:44 2:43 1:13 
46	100	1:61 0:9 2:30 
47	100	1:10 2:77 0:13 
48	100	2:54 1:44 0:2 
49	100	1:70 2:30 
50	100	1:61 0:15 2:24 
51	100	2:73 0:19 1:8 
52	100	0:71 1:9 2:20 
53	100	1:80 0:16 2:4 
54	100	2:82 0:14 1:4 
55	100	0:84 1:6 2:10 
56	100	0:74 1:19 2:7 
57	100	0:42 2:54 1:4 
58	100	0:60 2:31 1:9 
59	100	0:61 2:35 1:4 
60	100	1:44 0:51 2:5 
61	100	0:29 2:59 1:12 
62	100	2:73 0:15 1:12 
63	100	1:77 0:20 2:3 
64	100	2:47 0:14 1:39 
65	100	2:19 1:42 0:39 
66	100	0:16 2:81 1:3 
67	100	0:22 2:29 1:49 
68	100	0:83 1:15 2:2 
69	100	0:22 1:60 2:18 
70	100	2:90 0:9 1:1 
71	100	0:65 2:27 1:8 
72	100	0:46 1:50 2:4 
73	100	1:67 0:22 2:11 
74	100	1:96 0:2 2:2 
75	100	1:41 0:19 2:40 
76	100	0:43 1:30 2:27 
77	100	2:81 0:4 1:15 
78	100	0:60 2:10 1:30 
79	100	0:45 1:50 2:5 
80	100	0:64 1:21 2:15 
81	100	1:33 2:15 0:52 
82	100	1:63 2:24 0:13 
83	100	0:38 1:53 2:9 
84	100	2:36 0:39 1:25 
85	100	2:47 0:30 1:23 
86	100	2:50 1:36 0:14 
87	100	1:38 2:58 0:4 
88	100	0:74 1:22 2:4 
89	100	1:53 2:30 0:17 
90	100	2:53 0:38 1:9 
91	100	2:58 0:14 1:28 
92	100	1:11 0:43 2:46 
93	100	0:59 1:25 2:16 
94	100	0:29 2:43 1:28 
95	100	2:64 1:32 0:4 
96	100	2:43 1:26 0:31 
97	100	0:80 1:18 2:2 
98	100	1:38 0:48 2:14 
99	100	2:91 0:7 1:2 
100	100	1:35 0:24 2:41 
101	100	1:56 2:40 0:4 
102	100	1:59 0:13 2:28 
103	100	2:58 1:32 0:10 
104	100	1:37 0:56 2:7 
105	100	1:49 0:23 2:28 
106	100	2:57 1:34 0:9 
107	100	2:69 0:15 1:16 
108	100	0:51 1:43 2:6 
109	100	1:73 2:23 0:4 
110	100	0:92 2:7 1:1 
111	100	0:43 1:46 2:11 
112	100	1:57 2:25 0:18 
113	100	2:89 1:4 0:7 
114	100	0:79 2:3 1:18 
115	100	0:50 2:48 1:2 
116	100	1:21 2:17 0:62 
117	100	1:83 0:9 2:8 
118	100	2:25 0:75 
119	100	1:78 2:16 0:6 
120	100	1:56 0:24 2:20 
121	100	1:61 0:9 2:30 
122	100	1:20 2:71 0:9 
123	100	0:60 1:11 2:29 
124	100	2:48 0:39 1:13 
125	100	1:42 2:17 0:41 
126	100	0:43 1:19 2:38 
127	100	0:52 1:13 2:35 
128	100	2:23 0:54 1:23 
129	100	1:95 0:5 
130	100	0:66 1:33 2:1 
131	100	2:29 0:34 1:37 
132	100	0:32 2:53 1:15 
133	100	0:78 2:18 1:4 
134	100	2:68 0:14 1:18 
135	100	2:92 1:6 0:2 
136	100	1:64 0:33 2:3 
137	100	0:49 2:32 1:19 
138	100	1:64 2:35 0:1 
139	100	1:52 0:28 2:20 
140	100	1:28 0:67 2:5 
141	100	0:63 1:5 2:32 
142	100	2:39 1:19 0:42 
143	100	2:44 0:45 1:11 
144	100	2:11 1:35 0:54 
145	100	1:15 2:77 0:8 
146	100	1:88 0:12 
147	100	0:13 1:70 2:17 
148	100	1:21 2:34 0:45 
149	100	0:53 1:44 2:3 
150	100	1:48 0:43 2:9 
151	100	2:37 1:62 0:1 
152	100	0:63 1:19 2:18 
153	100	0:39 1:13 2:48 
154	100	0:35 1:65 
155	100	0:52 2:12 1:36 
156	100	1:32 0:51 2:17 
157	100	0:69 2:27 1:4 
158	100	0:50 2:33 1:17 
159	100	0:34 2:41 1:25 
160	100	1:89 0:4 2:7 
161	100	1:15 2:17 0:68 
162	100	1:65 2:31 0:4 
163	100	2:16 0:57 1:27 
164	100	0:54 1:42 2:4 
165	100	2:38 1:55 0:7 
166	100	2:16 1:84 
167	100	0:11 1:89 
168	100	1:49 2:25 0:26 
169	100	0:38 1:56 2:6 
170	100	2:51 0:40 1:9 
171	100	0:15 1:64 2:21 
172	100	1:46 2:19 0:35 
173	100	1:71 2:29 
174	100	0:68 1:29 2:3 
175	100	0:72 2:28 
176	100	1:68 2:23 0:9 
177	100	1:72 0:24 2:4 
178	100	2:57 1:25 0:18 
179	100	1:86 0:9 2:5 
180	100	1:82 2:14 0:4 
181	100	2:27 0:73 
182	100	1:36 2:8 0:56 
183	100	0:53 2:33 1:14 
184	100	2:35 0:31 1:34 
185	100	1:44 0:44 2:12 
186	100	2:43 1:51 0:6 
187	100	0:18 1:75 2:7 
188	100	2:40 0:40 1:20 
189	100	2:69 0:24 1:7 
190	100	1:59 0:39 2:2 
191	100	0:84 1:9 2:7 
192	100	2:49 1:51 
193	100	1:47 0:44 2:9 
194	100	2:66 1:29 0:5 
195	100	2:48 1:47 0:5 
196	100	0:86 2:14 
197	100	1:27 2:54 0:19 
198	100	0:19 2:20 1:61 
199	100	0:46 2:18 1:36 
200	100	0:38 2:46 1:16 
201	100	2:50 0:21 1:29 
202	100	1:51 2:48 0:1 
203	100	2:34 0:24 1:42 
204	100	0:28 1:58 2:14 
205	100	2:39 0:37 1:24 
206	100	0:81 2:11 1:8 
207	100	1:95 0:5 
208	100	0:93 1:3 2:4 
209	100	2:63 1:36 0:1 
210	100	0:56 1:39 2:5 
211	100	0:87 1:10 2:3 
212	100	1:71 0:28 2:1 
213	100	2:13 0:50 1:37 
214	100	1:75 2:13 0:12 
215	100	2:45 1:51 0:4 
216	100	0:10 2:37 1:53 
217	100	0:63 1:19 2:18 
218	100	2:83 1:15 0:2 
219	100	2:71 1:28 0:1 
220	100	2:44 1:44 0:12 
221	100	2:44 0:39 1:17 
222	100	0:29 1:69 2:2 
223	100	1:28 2:71 0:1 
224	100	0:92 1:5 2:3 
225	100	1:83 0:5 2:12 
226	100	1:45 2:35 0:20 
227	100	2:61 1:31 0:8 
228	100	2:58 0:30 1:12 
229	100	0:15 2:20 1:65 
230	100	0:96 2:2 1:2 
231	100	0:73 1:14 2:13 
232	100	1:36 0:46 2:18 
233	100	2:45 0:53 1:2 
234	100	0:56 1:23 2:21 
235	100	0:47 1:16 2:37 
236	100	0:84 2:10 1:6 
237	100	2:59 1:31 0:10 
238	100	0:15 1:72 2:13 
239	100	2:27 0:31 1:42 
240	100	2:79 0:19 1:2 
241	100	0:47 2:19 1:34 
242	100	2:5 1:34 0:61 
243	100	1:19 0:75 2:6 
244	100	2:28 0:72 
245	100	1:22 0:75 2:3 
246	100	2:60 0:39 1:1 
247	100	2:23 0:61 1:16 
248	100	0:63 2:33 1:4 
249	100	0:68 1:22 2:10 
250	100	1:52 2:41 0:7 
251	100	0:32 2:37 1:31 
252	100	2:69 0:24 1:7 
253	100	2:51 1:24 0:25 
254	100	0:55 1:29 2:16 
255	100	1:11 2:89 
256	100	1:20 0:24 2:56 
257	100	1:36 2:46 0:18 
258	100	0:75 1:17 2:8 
259	100	0:60 1:26 2:14 
260	100	2:66 0:34 
261	100	1:58 2:42 
262	100	2:71 0:25 1:4 
263	100	0:48 2:38 1:14 
264	100	0:70 1:29 2:1 
265	100	2:87 0:10 1:3 
266	100	0:85 2:13 1:2 
267	100	0:89 1:9 2:2 
268	100	1:46 0:51 2:3 
269	100	2:22 1:50 0:28 
270	100	1:16 2:76 0:8 
271	100	1:50 2:21 0:29 
272	100	0:89 2:6 1:5 
273	100	1:83 2:11 0:6 
274	100	1:61 2:31 0:8 
275	100	1:39 2:40 0:21 
276	100	0:80 2:20 
277	100	0:87 1:13 
278	100	2:24 0:72 1:4 
279	100	2:28 1:46 0:26 
280	100	1:28 0:23 2:49 
281	100	1:91 2:7 0:2 
282	100	2:45 0:55 
283	100	2:22 1:46 0:32 
284	100	1:41 2:13 0:46 
285	100	0:76 1:3 2:21 
286	100	1:52 2:33 0:15 
287	100	2:38 1:56 0:6 
288	100	2:37 1:12 0:51 
289	100	2:27 1:29 0:44 
290	100	0:51 1:48 2:1 
291	100	2:49 0:36 1:15 
292	100	1:93 2:4 0:3 
293	100	1:20 2:31 0:49 
294	100	1:53 0:31 2:16 
295	100	0:27 2:57 1:16 
296	100	2:20 0:20 1:60 
297	100	2:48 1:14 0:38 
298	100	2:59 1:30 0:11 
299	100	2:53 1:27 0:20 
300	100	2:60 1:40 
301	100	1:59 0:33 2:8 
302	100	0:37 1:42 2:21 
303	100	2:92 1:7 0:1 
304	100	0:71 2:25 1:4 
305	100	0:85 2:9 1:6 
306	100	0:38 2:27 1:35 
307	100	1:70 0:15 2:15 
308	100	1:55 0:39 2:6 
309	100	1:27 2:20 0:53 
310	100	1:16 2:72 0:12 
311	100	2:16 0:77 1:7 
312	100	1:35 2:52 0:13 
313	100	2:32 0:49 1:19 
314	100	2:19 0:48 1:33 
315	100	0:5 2:83 1:12 
316	100	2:40 0:20 1:40 
317	100	2:20 1:61 0:19 
318	100	2:83 1:17 
319	100	0:62 1:32 2:6 
320	100	2:52 1:5 0:43 
321	100	2:46 0:50 1:4 
322	100	0:90 2:3 1:7 
323	100	0:45 2:46 1:9 
324	100	2:19 1:64 0:17 
325	100	2:31 1:41 0:28 
326	100	0:13 2:22 1:65 
327	100	2:27 1:66 0:7 
328	100	1:6 0:90 2:4 
329	100	1:71 2:27 0:2 
330	100	2:84 0:16 
331	100	0:48 1:20 2:32 
332	100	2:55 0:35 1:10 
333	100	0:39 2:22 1:39 
334	100	2:39 0:33 1:28 
335	100	2:89 0:10 1:1 
336	100	0:62 1:17 2:21 
337	100	1:51 2:33 0:16 
338	100	1:5 2:80 0:15 
339	100	2:47 1:52 0:1 
340	100	0:35 2:32 1:33 
341	100	1:57 0:42 2:1 
342	100	2:46 1:54 
343	100	0:43 2:49 1:8 
344	100	0:43 1:17 2:40 
345	100	1:62 0:18 2:20 
346	100	1:17 0:74 2:9 
347	100	2:55 0:27 1:18 
348	100	1:79 0:15 2:6 
349	100	2:71 1:12 0:17 
350	100	2:22 0:55 1:23 
351	100	2:53 0:7 1:40 
352	100	1:21 0:54 2:25 
353	100	2:21 1:74 0:5 
354	100	2:32 1:68 
355	100	0:36 2:25 1:39 
356	100	0:42 2:53 1:5 
357	100	0:70 2:23 1:7 
358	100	1:40 0:59 2:1 
359	100	2:56 0:43 1:1 
360	100	1:12 0:75 2:13 
361	100	2:49 0:24 1:27 
362	100	1:31 0:61 2:8 
363	100	2:16 1:48 0:36 
364	100	0:49 1:22 2:29 
365	100	0:18 1:39 2:43 
366	100	0:27 1:41 2:32 
367	100	1:79 2:17 0:4 
368	100	2:16 1:22 0:62 
369	100	0:27 2:54 1:19 
370	100	1:51 2:49 
371	100	0:6 1:39 2:55 
372	100	2:60 1:28 0:12 
373	100	0:44 2:7 1:49 
374	100	0:73 2:5 1:22 
375	100	0:97 2:2 1:1 
376	100	0:53 2:20 1:27 
377	100	1:69 2:31 
378	100	0:78 1:4 2:18 
379	100	0:26 2:62 1:12 
380	100	1:49 2:36 0:15 
381	100	1:87 0:12 2:1 
382	100	1:40 2:57 0:3 
383	100	0:13 2:83 1:4 
384	100	2:46 1:35 0:19 
385	100	1:66 2:15 0:19 
386	100	2:69 0:25 1:6 
387	100	2:29 1:54 0:17 
388	100	2:62 1:23 0:15 
389	100	2:38 0:51 1:11 
390	100	0:50 2:10 1:40 
391	100	2:47 1:48 0:5 
392	100	0:69 2:17 1:14 
393	100	1:35 0:63 2:2 
394	100	2:30 0:58 1:12 
395	100	0:40 1:30 2:30 
396	100	1:43 0:45 2:12 
397	100	0:62 2:21 1:17 
398	100	0:46 1:28 2:26 
399	100	1:68 2:22 0:10 
400	100	1:74 0:22 2:4 
401	100	1:51 0:41 2:8 
402	100	1:47 2:43 0:10 
403	100	0:42 1:7 2:51 
404	100	0:65 1:26 2:9 
405	100	1:46 0:43 2:11 
406	100	0:45 2:26 1:29 
407	100	0:67 2:21 1:12 
408	100	1:35 2:32 0:33 
409	100	2:25 0:44 1:31 
410	100	2:25 0:66 1:9 
411	100	2:66 0:27 1:7 
412	100	0:82 2:3 1:15 
413	100	1:13 0:62 2:25 
414	100	2:23 1:63 0:14 
415	100	1:89 0:8 2:3 
416	100	1:90 2:6 0:4 
417	100	2:80 0:3 1:17 
418	100	0:31 2:39 1:30 
419	100	0:26 2:39 1:35 
420	100	0:97 1:3 
421	100	1:75 0:18 2:7 
422	100	0:66 2:11 1:23 
423	100	1:68 0:25 2:7 
424	100	0:4 1:85 2:11 
425	100	0:46 2:46 1:8 
426	100	2:78 1:20 0:2 
427	100	2:59 1:19 0:22 
428	100	1:59 2:17 0:24 
429	100	0:86 2:9 1:5 
430	100	1:27 0:72 2:1 
431	100	0:29 1:4 2:67 
432	100	1:53 0:29 2:18 
433	100	1:20 0:63 2:17 
434	100	1:32 0:47 2:21 
435	100	0:39 2:16 1:45 
436	100	1:10 2:70 0:20 
437	100	1:80 0:11 2:9 
438	100	1:43 2:45 0:12 
439	100	2:32 0:52 1:16 
440	100	2:94 0:6 
441	100	1:56 2:31 0:13 
442	100	2:22 0:46 1:32 
443	100	1:15 0:78 2:7 
444	100	1:54 0:22 2:24 
445	100	0:31 1:44 2:25 
446	100	0:61 2:23 1:16 
447	100	2:31 1:34 0:35 
448	100	0:41 2:48 1:11 
449	100	0:26 1:67 2:7 
450	100	1:22 2:49 0:29 
451	100	2:23 1:45 0:32 
452	100	1:23 0:72 2:5 
453	100	2:74 0:10 1:16 
454	100	1:14 0:85 2:1 
455	100	1:95 2:5 
456	100	2:36 0:36 1:28 
457	100	0:63 1:33 2:4 
458	100	2:79 0:17 1:4 
459	100	2:34 1:42 0:24 
460	100	1:68 0:22 2:10 
461	100	2:79 1:21 
462	100	1:73 2:9 0:18 
463	100	2:14 1:39 0:47 
464	100	0:60 1:25 2:15 
465	100	2:19 0:52 1:29 
466	100	1:43 2:23 0:34 
467	100	1:88 0:9 2:3 
468	100	2:26 1:52 0:22 
469	100	0:53 1:14 2:33 
470	100	0:44 1:14 2:42 
471	100	1:27 2:30 0:43 
472	100	0:74 2:18 1:8 
473	100	0:39 1:50 2:11 
474	100	0:26 1:64 2:10 
475	100	2:71 0:15 1:14 
476	100	0:81 1:15 2:4 
477	100	1:64 2:31 0:5 
478	100	2:62 1:37 0:1 
479	100	2:8 1:82 0:10 
480	100	1:14 2:70 0:16 
481	100	0:32 1:61 2:7 
482	100	1:99 2:1 
483	100	2:35 0:31 1:34 
484	100	0:52 2:39 1:9 
485	100	1:85 0:4 2:11 
486	100	2:65 0:13 1:22 
487	100	2:90 1:10 
488	100	2:67 1:23 0:10 
489	100	1:76 2:5 0:19 
490	100	1:24 2:58 0:18 
491	100	0:66 2:34 
492	100	1:89 0:6 2:5 
493	100	2:39 1:4 0:57 
494	100	0:7 2:55 1:38 
495	100	2:64 1:12 0:24 
496	100	1:36 2:41 0:23 
497	100	2:86 0:13 1:1 
498	100	0:56 2:40 1:4 
499	100	0:28 2:70 1:2 
500	100	0:50 2:46 1:4 
501	100	0:12 2:32 1:56 
502	100	2:67 1:18 0:15 
503	100	2:46 0:38 1:16 
504	100	2:37 0:43 1:20 
505	100	2:28 0:60 1:12 
506	100	1:45 2:25 0:30 
507	100	0:51 2:34 1:15 
508	100	0:15 2:76 1:9 
509	100	0:32 2:66 1:2 
510	100	2:64 0:25 1:11 
511	100	2:74 0:14 1:12 
512	100	1:32 0:63 2:5 
513	100	0:82 1:11 2:7 
514	100	1:65 2:33 0:2 
515	100	2:16 1:59 0:25 
516	100	2:18 0:77 1:5 
517	100	1:25 0:44 2:31 
518	100	2:18 1:59 0:23 
519	100	0:88 1:7 2:5 
520	100	2:16 0:48 1:36 
521	100	2:86 1:8 0:6 
522	100	1:80 2:19 0:1 
523	100	2:63 0:22 1:15 
524	100	1:38 0:59 2:3 
525	100	1:49 2:34 0:17 
526	100	0:52 2:30 1:18 
527	100	0:93 1:5 2:2 
528	100	2:41 1:35 0:24 
529	100	0:45 2:55 
530	100	0:53 2:42 1:5 
531	100	2:58 0:31 1:11 
532	100	1:28 2:26 0:46 
533	100	1:12 2:10 0:78 
534	100	2:4 0:58 1:38 
535	100	1:30 2:66 0:4 
536	100	1:41 2:56 0:3 
537	100	2:17 1:64 0:19 
538	100	0:62 2:31 1:7 
539	100	1:43 2:33 0:24 
540	100	1:37 2:41 0:22 
541	100	0:15 2:67 1:18 
542	100	2:10 0:42 1:48 
543	100	2:20 1:52 0:28 
544	100	0:61 1:22 2:17 
545	100	0:20 2:14 1:66 
546	100	1:39 2:59 0:2 
547	100	2:91 0:6 1:3 
548	100	2:17 0:81 1:2 
549	100	0:24 1:70 2:6 
550	100	0:39 1:55 2:6 
551	100	0:6 1:94 
552	100	1:72 0:20 2:8 
553	100	2:24 1:13 0:63 
554	100	0:18 2:64 1:18 
555	100	1:21 2:74 0:5 
556	100	1:41 2:18 0:41 
557	100	0:64 2:32 1:4 
558	100	0:43 2:48 1:9 
559	100	2:40 1:60 
560	100	0:67 2:22 1:11 
561	100	2:55 0:34 1:11 
562	100	0:90 1:10 
563	100	2:74 0:10 1:16 
564	100	1:55 0:31 2:14 
565	100	0:30 1:7 2:63 
566	100	0:33 1:45 2:22 
567	100	1:8 2:74 0:18 
568	100	1:64 2:21 0:15 
569	100	2:52 0:48 
570	100	2:38 0:32 1:30 
571	100	0:66 1:24 2:10 
572	100	2:36 1:48 0:16 
573	100	1:64 0:32 2:4 
574	100	0:67 1:24 2:9 
575	100	2:27 1:67 0:6 
576	100	0:13 1:40 2:47 
577	100	0:16 1:68 2:16 
578	100	1:60 2:30 0:10 
579	100	0:27 1:56 2:17 
580	100	2:27 0:49 1:24 
581	100	2:21 0:48 1:31 
582	100	2:31 1:64 0:5 
583	100	2:55 1:44 0:1 
584	100	0:91 2:5 1:4 
585	100	2:14 1:44 0:42 
586	100	2:88 0:5 1:7 
587	100	0:71 1:6 2:23 
588	100	1:42 2:19 0:39 
589	100	2:38 1:55 0:7 
590	100	0:67 1:11 2:22 
591	100	1:57 0:21 2:22 
592	100	2:72 1:23 0:5 
593	100	2:88 0:12 
594	100	1:61 2:37 0:2 
595	100	2:18 1:56 0:26 
596	100	0:98 2:2 
597	100	0:54 2:42 1:4 
598	100	0:13 2:25 1:62 
599	100	1:35 0:36 2:29 
600	100	1:33 2:55 0:12 
601	100	1:24 2:12 0:64 
602	100	2:80 0:16 1:4 
603	100	2:95 1:5 
604	100	0:51 2:35 1:14 
605	100	0:14 2:37 1:49 
606	100	1:20 0:60 2:20 
607	100	2:25 1:26 0:49 
608	100	2:47 0:22 1:31 
609	100	1:13 0:67 2:20 
610	100	2:79 1:20 0:1 
611	100	2:67 0:12 1:21 
612	100	0:18 1:13 2:69 
613	100	1:20 2:75 0:5 
614	100	1:41 0:58 2:1 
615	100	1:86 2:13 0:1 
616	100	2:32 1:65 0:3 
617	100	0:46 2:49 1:5 
618	100	0:39 2:52 1:9 
619	100	0:64 2:20 1:16 
620	100	2:62 0:30 1:8 
621	100	2:33 0:19 1:48 
622	100	1:27 2:42 0:31 
623	100	2:48 1:51 0:1 
624	100	1:12 2:67 0:21 
625	100	1:30 2:56 0:14 
626	100	0:71 1:28 2:1 
627	100	1:69 0:31 
628	100	1:65 0:34 2:1 
629	100	1:85 2:15 
630	100	0:69 1:3 2:28 
631	100	2:92 0:4 1:4 
632	100	1:5 2:76 0:19 
633	100	0:43 1:44 2:13 
634	100	1:31 0:36 2:33 
635	100	0:62 2:37 1:1 
636	100	2:32 0:37 1:31 
637	100	1:63 2:31 0:6 
638	100	2:25 1:75 
639	100	2:60 1:35 0:5 
640	100	1:51 0:41 2:8 
641	100	0:62 2:19 1:19 
642	100	1:88 0:8 2:4 
643	100	2:31 1:64 0:5 
644	100	1:56 0:39 2:5 
645	100	2:40 0:51 1:9 
646	100	0:72 2:14 1:14 
647	100	1:51 2:32 0:17 
648	100	2:31 0:36 1:33 
649	100	2:48 0:50 1:2 
650	100	0:50 2:47 1:3 
651	100	1:27 2:56 0:17 
652	100	2:16 1:37 0:47 
653	100	1:95 0:3 2:2 
654	100	0:86 2:6 1:8 
655	100	1:19 0:43 2:38 
656	100	2:31 0:31 1:38 
657	100	2:46 0:28 1:26 
658	100	0:76 1:23 2:1 
659	100	0:76 1:15 2:9 
660	100	1:60 2:38 0:2 
661	100	1:40 2:27 0:33 
662	100	0:33 2:36 1:31 
663	100	0:47 1:48 2:5 
664	100	1:41 2:36 0:23 
665	100	2:57 1:39 0:4 
666	100	0:41 1:53 2:6 
667	100	1:48 2:20 0:32 
668	100	2:67 0:12 1:21 
669	100	1:76 2:6 0:18 
670	100	2:45 1:12 0:43 
671	100	1:28 2:19 0:53 
672	100	0:62 1:38 
673	100	1:71 2:25 0:4 
674	100	2:81 0:19 
675	100	2:76 0:21 1:3 
676	100	0:67 1:32 2:1 
677	100	1:90 0:10 
678	100	2:83 0:16 1:1 
679	100	0:45 2:31 1:24 
680	100	2:64 1:19 0:17 
681	100	2:51 0:10 1:39 
682	100	2:31 0:24 1:45 
683	100	2:69 0:30 1:1 
684	100	0:100 
685	100	2:84 1:2 0:14 
686	100	1:63 0:8 2:29 
687	100	0:45 1:18 2:37 
688	100	0:17 2:62 1:21 
689	100	1:83 2:10 0:7 
690	100	0:45 1:50 2:5 
691	100	1:28 2:27 0:45 
692	100	0:79 1:10 2:11 
693	100	2:69 0:28 1:3 
694	100	1:63 2:14 0:23 
695	100	1:69 0:30 2:1 
696	100	1:82 0:11 2:7 
697	100	1:64 2:26 0:10 
698	100	0:66 2:21 1:13 
699	100	1:64 0:33 2:3 
700	100	1:20 2:74 0:6 
701	100	1:72 0:24 2:4 
702	100	0:84 2:15 1:1 
703	100	2:33 1:39 0:28 
704	100	1:97 0:2 2:1 
705	100	1:76 0:24 
706	100	1:54 2:40 0:6 
707	100	2:28 0:14 1:58 
708	100	0:44 1:28 2:28 
709	100	0:49 1:15 2:36 
710	100	1:46 2:36 0:18 
711	100	2:38 1:49 0:13 
712	100	2:32 0:10 1:58 
713	100	2:72 0:22 1:6 
714	100	0:86 2:13 1:1 
715	100	1:30 2:15 0:55 
716	100	2:71 0:29 
717	100	1:64 0:26 2:10 
718	100	1:23 2:75 0:2 
719	100	0:20 2:52 1:28 
720	100	1:56 0:35 2:9 
721	100	1:27 2:41 0:32 
722	100	0:49 2:49 1:2 
723	100	1:78 2:16 0:6 
724	100	1:44 2:47 0:9 
725	100	1:12 0:38 2:50 
726	100	0:25 2:32 1:43 
727	100	1:40 0:25 2:35 
728	100	0:48 2:51 1:1 
729	100	2:37 1:24 0:39 
730	100	1:64 2:14 0:22 
731	100	0:86 1:14 
732	100	1:56 0:15 2:29 
733	100	1:82 0:15 2:3 
734	100	0:43 2:57 
735	100	2:79 0:16 1:5 
736	100	1:43 0:56 2:1 
737	100	1:46 0:51 2:3 
738	100	1:17 0:44 2:39 
739	100	1:65 2:21 0:14 
740	100	0:60 1:37 2:3 
741	100	0:46 2:24 1:30 
742	100	2:54 1:41 0:5 
743	100	1:28 0:60 2:12 
744	100	2:4 0:86 1:10 
745	100	0:20 2:77 1:3 
746	100	0:70 2:18 1:12 
747	100	1:59 2:29 0:12 
748	100	2:47 1:52 0:1 
749	100	1:85 2:14 0:1 
750	100	0:43 1:46 2:11 
751	100	2:41 1:40 0:19 
752	100	1:89 2:8 0:3 
753	100	1:40 0:23 2:37 
754	100	0:85 2:13 1:2 
755	100	2:50 1:50 
756	100	0:49 2:37 1:14 
757	100	1:67 2:28 0:5 
758	100	0:42 2:50 1:8 
759	100	1:44 0:32 2:24 
760	100	0:60 1:11 2:29 
761	100	2:45 0:43 1:12 
762	100	2:76 1:16 0:8 
763	100	2:69 0:30 1:1 
764	100	1:42 0:51 2:7 
765	100	0:87 2:11 1:2 
766	100	2:34 1:63 0:3 
767	100	2:97 1:3 
768	100	1:82 0:11 2:7 
769	100	1:36 0:48 2:16 
770	100	1:44 0:46 2:10 
771	100	0:39 1:53 2:8 
772	100	0:50 2:39 1:11 
773	100	0:20 2:60 1:20 
774	100	2:85 1:12 0:3 
775	100	1:2 0:36 2:62 
776	100	1:78 0:7 2:15 
777	100	1:15 0:74 2:11 
778	100	2:67 1:25 0:8 
779	100	1:59 2:30 0:11 
780	100	1:71 2:23 0:6 
781	100	2:51 0:29 1:20 
782	100	1:70 0:22 2:8 
783	100	2:88 1:12 
784	100	1:27 0:53 2:20 
785	100	2:82 0:17 1:1 
786	100	1:75 0:20 2:5 
787	100	0:91 1:6 2:3 
788	100	2:42 0:34 1:24 
789	100	0:16 2:75 1:9 
790	100	1:73 0:11 2:16 
791	100	1:58 0:40 2:2 
792	100	1:37 0:61 2:2 
793	100	1:51 2:6 0:43 
794	100	0:74 2:8 1:18 
795	100	0:85 2:10 1:5 
796	100	1:72 2:24 0:4 
797	100	2:24 0:66 1:10 
798	100	0:57 2:16 1:27 
799	100	1:42 2:8 0:50 
800	100	2:45 0:52 1:3 
801	100	2:54 0:30 1:16 
802	100	2:76 0:16 1:8 
803	100	2:37 1:24 0:39 
804	100	2:60 0:32 1:8 
805	100	0:48 1:32 2:20 
806	100	0:95 1:5 
807	100	1:62 0:12 2:26 
808	100	0:64 2:28 1:8 
809	100	1:5 0:7 2:88 
810	100	2:60 1:40 
811	100	0:81 2:12 1:7 
812	100	0:82 2:15 1:3 
813	100	2:35 1:32 0:33 
814	100	0:54 1:29 2:17 
815	100	0:56 1:39 2:5 
816	100	1:23 0:19 2:58 
817	100	1:67 0:33 
818	100	0:76 1:8 2:16 
819	100	1:22 0:39 2:39 
820	100	2:29 0:50 1:21 
821	100	1:44 0:33 2:23 
822	100	2:59 1:40 0:1 
823	100	1:66 0:31 2:3 
824	100	2:51 1:47 0:2 
825	100	1:88 0:6 2:6 
826	100	1:84 0:13 2:3 
827	100	2:27 0:71 1:2 
828	100	1:80 0:13 2:7 
829	100	0:80 2:11 1:9 
830	100	0:79 2:20 1:1 
831	100	0:13 2:74 1:13 
832	100	0:55 1:41 2:4 
833	100	0:69 1:29 2:2 
834	100	0:71 1:13 2:16 
835	100	2:43 1:28 0:29 
836	100	0:24 1:31 2:45 
837	100	0:45 2:35 1:20 
838	100	1:73 0:24 2:3 
839	100	0:57 1:43 
840	100	1:20 2:59 0:21 
841	100	0:80 1:12 2:8 
842	100	0:26 1:33 2:41 
843	100	2:37 0:21 1:42 
844	100	1:12 2:78 0:10 
845	100	2:46 1:11 0:43 
846	100	1:40 2:23 0:37 
847	100	1:21 0:72 2:7 
848	100	2:44 1:50 0:6 
849	100	1:72 2:26 0:2 
850	100	1:38 2:51 0:11 
851	100	2:49 0:34 1:17 
852	100	0:38 2:59 1:3 
853	100	1:51 2:43 0:6 
854	100	2:63 1:36 0:1 
855	100	0:76 2:21 1:3 
856	100	1:58 2:39 0:3 
857	100	2:12 0:54 1:34 
858	100	2:12 1:56 0:32 
859	100	0:81 1:14 2:5 
860	100	1:55 0:40 2:5 
861	100	0:52 2:41 1:7 
862	100	1:36 0:51 2:13 
863	100	2:72 1:10 0:18 
864	100	2:76 0:14 1:10 
865	100	2:78 0:18 1:4 
866	100	2:54 0:13 1:33 
867	100	2:84 1:11 0:5 
868	100	2:41 1:55 0:4 
869	100	0:9 1:45 2:46 
870	100	1:87 0:7 2:6 
871	100	0:6 1:83 2:11 
872	100	2:41 0:39 1:20 
873	100	1:76 2:17 0:7 
874	100	0:38 2:37 1:25 
875	100	1:62 2:32 0:6 
876	100	1:17 2:28 0:55 
877	100	0:48 2:15 1:37 
878	100	0:52 2:31 1:17 
879	100	0:28 2:29 1:43 
880	100	0:14 2:37 1:49 
881	100	2:52 0:23 1:25 
882	100	2:44 0:37 1:19 
883	100	2:89 0:10 1:1 
884	100	0:85 1:9 2:6 
885	100	0:59 2:10 1:31 
886	100	0:59 1:35 2:6 
887	100	2:51 1:43 0:6 
888	100	2:49 1:49 0:2 
889	100	2:36 0:33 1:31 
890	100	1:56 0:37 2:7 
891	100	0:84 1:14 2:2 
892	100	2:47 0:40 1:13 
893	100	1:36 0:64 
894	100	1:73 2:23 0:4 
895	100	1:10 2:72 0:18 
896	100	1:37 2:62 0:1 
897	100	1:22 0:40 2:38 
898	100	0:48 1:22 2:30 
899	100	2:23 0:34 1:43 
900	100	2:72 1:25 0:3 
901	100	1:37 0:29 2:34 
902	100	2:15 1:36 0:49 
903	100	0:39 2:19 1:42 
904	100	0:70 1:5 2:25 
905	100	2:19 1:78 0:3 
906	100	1:55 0:44 2:1 
907	100	2:52 0:38 1:10 
908	100	2:13 0:57 1:30 
909	100	1:49 2:46 0:5 
910	100	2:34 1:46 0:20 
911	100	2:81 0:19 
912	100	2:52 1:45 0:3 
913	100	0:21 1:59 2:20 
914	100	0:98 1:2 
915	100	2:21 1:60 0:19 
916	100	2:31 1:57 0:12 
917	100	2:24 1:69 0:7 
918	100	2:76 1:14 0:10 
919	100	0:13 1:75 2:12 
920	100	2:23 0:46 1:31 
921	100	0:70 2:9 1:21 
922	100	2:31 0:54 1:15 
923	100	2:55 1:31 0:14 
924	100	0:68 1:18 2:14 
925	100	1:44 0:53 2:3 
926	100	2:81 1:5 0:14 
927	100	0:66 2:32 1:2 
928	100	1:28 0:72 
929	100	1:15 2:72 0:13 
930	100	2:74 1:11 0:15 
931	100	1:36 2:40 0:24 
932	100	1:84 0:16 
933	100	1:80 2:18 0:2 
934	100	0:57 1:12 2:31 
935	100	0:33 2:30 1:37 
936	100	0:30 1:69 2:1 
937	100	0:67 1:16 2:17 
938	100	2:22 1:77 0:1 
939	100	2:72 0:28 
940	100	1:76 2:19 0:5 
941	100	2:63 1:12 0:25 
942	100	2:76 1:22 0:2 
943	100	1:70 0:22 2:8 
944	100	2:70 1:22 0:8 
945	100	0:32 1:31 2:37 
946	100	0:35 1:50 2:15 
947	100	0:59 2:39 1:2 
948	100	1:64 0:34 2:2 
949	100	0:79 1:14 2:7 
950	100	2:37 0:41 1:22 
951	100	2:25 0:8 1:67 
952	100	1:64 0:32 2:4 
953	100	2:20 0:23 1:57 
954	100	2:74 0:25 1:1 
955	100	1:47 0:28 2:25 
956	100	1:35 0:49 2:16 
957	100	1:22 2:60 0:18 
958	100	0:90 2:5 1:5 
959	100	0:75 2:23 1:2 
960	100	2:92 0:6 1:2 
961	100	2:46 1:40 0:14 
962	100	1:49 2:38 0:13 
963	100	1:54 2:23 0:23 
964	100	2:59 0:23 1:18 
965	100	0:16 2:82 1:2 
966	100	1:46 2:44 0:10 
967	100	1:34 0:56 2:10 
968	100	0:74 1:26 
969	100	1:21 0:15 2:64 
970	100	2:18 0:72 1:10 
971	100	1:94 2:2 0:4 
972	100	1:26 2:53 0:21 
973	100	0:45 2:14 1:41 
974	100	1:48 2:48 0:4 
975	100	2:19 0:53 1:28 
976	100	1:38 0:38 2:24 
977	100	1:79 0:6 2:15 
978	100	0:77 2:20 1:3 
979	100	1:68 0:3 2:29 
980	100	0:66 2:30 1:4 
981	100	2:33 0:58 1:9 
982	100	0:74 1:7 2:19 
983	100	2:53 1:32 0:15 
984	100	2:93 1:6 0:1 
985	100	1:76 0:20 2:4 
986	100	2:70 0:30 
987	100	1:55 2:24 0:21 
988	100	2:18 1:42 0:40 
989	100	1:90 0:8 2:2 
990	100	2:40 0:28 1:32 
991	100	0:39 1:26 2:35 
992	100	2:27 0:13 1:60 
993	100	1:55 0:39 2:6 
994	100	0:38 1:62 
995	100	2:35 1:43 0:22 
996	100	0:96 2:3 1:1 
997	100	0:69 2:8 1:23 
998	100	1:87 2:13 
999	100	2:58 1:42 
1000	100	1:7 0:92 2:1 
1001	100	0:13 1:57 2:30 
1002	100	0:70 2:24 1:6 
1003	100	2:33 0:40 1:27 
1004	100	1:52 2:15 0:33 
1005	100	1:66 2:12 0:22 
1006	100	0:75 1:3 2:22 
1007	100	0:67 1:26 2:7 
1008	100	0:17 1:45 2:38 
1009	100	1:11 2:60 0:29 
1010	100	2:49 0:42 1:9 
1011	100	0:60 2:32 1:8 
1012	100	1:83 0:4 2:13 
1013	100	0:18 1:69 2:13 
1014	100	0:65 2:25 1:10 
1015	100	0:60 2:23 1:17 
1016	100	2:52 1:38 0:10 
1017	100	2:72 1:22 0:6 
1018	100	0:56 1:42 2:2 
1019	100	1:3 0:88 2:9 
1020	100	2:8 1:86 0:6 
1021	100	2:51 1:10 0:39 
1022	100	1:39 0:58 2:3 
1023	100	2:43 1:49 0:8 
1024	100	2:76 0:15 1:9 
1025	100	1:50 0:9 2:41 
1026	100	1:26 0:60 2:14 
1027	100	2:31 0:53 1:16 
1028	100	0:89 2:10 1:1 
1029	100	2:8 0:82 1:10 
1030	100	0:63 1:8 2:29 
1031	100	1:58 2:41 0:1 
1032	100	1:40 0:47 2:13 
1033	100	1:43 0:17 2:40 
1034	100	2:63 0:26 1:11 
1035	100	1:16 2:77 0:7 
1036	100	0:40 2:51 1:9 
1037	100	0:25 2:32 1:43 
1038	100	2:83 0:11 1:6 
1039	100	0:68 1:28 2:4 
1040	100	1:54 0:20 2:26 
1041	100	1:76 2:15 0:9 
1042	100	0:84 1:10 2:6 
1043	100	1:72 2:17 0:11 
1044	100	0:32 1:38 2:30 
1045	100	0:83 2:11 1:6 
1046	100	1:45 0:38 2:17 
1047	100	2:73 1:22 0:5 
1048	100	0:82 1:11 2:7 
1049	100	1:44 0:8 2:48 
1050	100	2:86 0:1 1:13 
1051	100	0:37 2:37 1:26 
1052	100	1:74 2:19 0:7 
1053	100	0:33 2:29 1:38 
1054	100	0:37 2:38 1:25 
1055	100	0:87 2:12 1:1 
1056	100	0:19 2:58 1:23 
1057	100	1:45 2:44 0:11 
1058	100	0:87 2:11 1:2 
1059	100	2:39 0:16 1:45 
1060	100	2:39 1:51 0:10 
1061	100	0:44 2:45 1:11 
1062	100	0:78 1:21 2:1 
1063	100	1:34 2:58 0:8 
1064	100	1:21 2:61 0:18 
1065	100	1:85 0:7 2:8 
1066	100	1:66 2:24 0:10 
1067	100	2:37 1:45 0:18 
1068	100	1:10 2:88 0:2 
1069	100	0:62 2:30 1:8 
1070	100	0:72 2:24 1:4 
1071	100	1:46 2:51 0:3 
1072	100	0:87 2:12 1:1 
1073	100	0:49 2:50 1:1 
1074	100	2:29 0:68 1:3 
1075	100	1:59 2:41 
1076	100	2:73 1:12 0:15 
1077	100	0:27 2:69 1:4 
1078	100	2:13 1:24 0:63 
1079	100	2:6 1:41 0:53 
1080	100	1:52 2:39 0:9 
1081	100	0:57 2:25 1:18 
1082	100	1:56 2:24 0:20 
1083	100	1:66 2:2 0:32 
1084	100	2:72 0:10 1:18 
1085	100	0:54 2:36 1:10 
1086	100	0:59 1:25 2:16 
1087	100	1:5 2:90 0:5 
1088	100	1:44 0:55 2:1 
1089	100	0:31 1:30 2:39 
1090	100	0:95 2:2 1:3 
1091	100	2:62 1:23 0:15 
1092	100	0:13 2:61 1:26 
1093	100	2:29 1:67 0:4 
1094	100	0:44 2:41 1:15 
1095	100	2:21 1:66 0:13 
1096	100	2:29 1:66 0:5 
1097	100	0:81 2:9 1:10 
1098	100	0:41 1:26 2:33 
1099	100	2:35 1:50 0:15 
1100	100	0:67 2:22 1:11 
1101	100	0:62 1:34 2:4 
1102	100	1:52 2:36 0:12 
1103	100	0:68 2:19 1:13 
1104	100	2:62 1:20 0:18 
1105	100	2:84 1:9 0:7 
1106	100	1:86 0:12 2:2 
1107	100	1:55 0:15 2:30 
1108	100	0:96 1:4 
1109	100	0:77 2:20 1:3 
1110	100	2:25 1:64 0:11 
1111	100	0:25 2:75 
1112	100	0:90 2:8 1:2 
1113	100	2:36 1:35 0:29 
1114	100	0:43 1:48 2:9 
1115	100	0:31 1:25 2:44 
1116	100	2:83 1:17 
1117	100	1:69 0:15 2:16 
1118	100	0:43 1:54 2:3 
1119	100	0:7 1:93 
1120	100	1:39 0:43 2:18 
1121	100	2:71 0:12 1:17 
1122	100	0:68 2:27 1:5 
1123	100	0:82 2:8 1:10 
1124	100	1:83 0:5 2:12 
1125	100	0:60 1:24 2:16 
1126	100	1:59 2:19 0:22 
1127	100	1:47 2:37 0:16 
1128	100	2:79 1:21 
1129	100	2:39 1:50 0:11 
1130	100	0:24 1:72 2:4 
1131	100	1:58 0:36 2:6 
1132	100	1:65 2:7 0:28 
1133	100	2:23 1:45 0:32 
1134	100	0:11 1:62 2:27 
1135	100	0:48 2:41 1:11 
1136	100	0:14 1:47 2:39 
1137	100	2:94 0:3 1:3 
1138	100	1:55 2:43 0:2 
1139	100	1:34 0:65 2:1 
1140	100	2:50 1:48 0:2 
1141	100	0:57 2:43 
1142	100	2:50 0:43 1:7 
1143	100	2:71 0:28 1:1 
1144	100	2:45 0:53 1:2 
1145	100	2:38 0:59 1:3 
1146	100	0:62 2:30 1:8 
1147	100	0:82 1:7 2:11 
1148	100	0:82 1:17 2:1 
1149	100	0:75 2:21 1:4 
1150	100	2:40 1:47 0:13 
1151	100	2:56 1:41 0:3 
1152	100	1:35 2:51 0:14 
1153	100	1:24 2:29 0:47 
1154	100	2:50 1:26 0:24 
1155	100	1:19 2:51 0:30 
1156	100	0:94 1:6 
1157	100	0:51 2:34 1:15 
1158	100	1:87 0:12 2:1 
1159	100	1:58 0:11 2:31 
1160	100	0:32 1:45 2:23 
1161	100	0:64 2:33 1:3 
1162	100	0:80 2:16 1:4 
1163	100	2:40 0:34 1:26 
1164	100	2:70 1:18 0:12 
1165	100	1:76 2:8 0:16 
1166	100	2:58 1:23 0:19 
1167	100	2:73 0:18 1:9 
1168	100	2:24 1:71 0:5 
1169	100	0:58 1:12 2:30 
1170	100	2:44 0:38 1:18 
1171	100	2:61 1:19 0:20 
1172	100	0:56 1:35 2:9 
1173	100	2:40 1:60 
1174	100	0:50 1:46 2:4 
1175	100	0:83 2:6 1:11 
1176	100	1:39 2:29 0:32 
1177	100	1:79 0:13 2:8 
1178	100	2:62 0:19 1:19 
1179	100	0:69 1:17 2:14 
1180	100	1:69 2:25 0:6 
1181	100	1:64 2:32 0:4 
1182	100	1:51 0:47 2:2 
1183	100	0:55 1:23 2:22 
1184	100	0:86 1:3 2:11 
1185	100	0:11 1:57 2:32 
1186	100	0:19 1:56 2:25 
1187	100	2:47 0:39 1:14 
1188	100	0:72 1:7 2:21 
1189	100	1:60 2:15 0:25 
1190	100	2:48 0:30 1:22 
1191	100	0:39 2:41 1:20 
1192	100	2:93 0:7 
1193	100	1:82 2:11 0:7 
1194	100	0:59 2:37 1:4 
1195	100	1:36 0:61 2:3 
1196	100	2:57 1:31 0:12 
1197	100	2:31 1:60 0:9 
1198	100	0:35 1:55 2:10 
1199	100	2:33 1:56 0:11 
1200	100	0:43 1:11 2:46 
1201	100	1:44 0:16 2:40 
1202	100	0:44 1:22 2:34 
1203	100	1:58 0:34 2:8 
1204	100	0:41 1:52 2:7 
1205	100	2:74 0:7 1:19 
1206	100	2:90 1:2 0:8 
1207	100	0:39 2:52 1:9 
1208	100	1:57 0:34 2:9 
1209	100	1:23 2:41 0:36 
1210	100	0:77 2:21 1:2 
1211	100	0:55 1:43 2:2 
1212	100	1:48 0:19 2:33 
1213	100	2:52 0:35 1:13 
1214	100	2:49 0:32 1:19 
1215	100	2:2 0:77 1:21 
1216	100	1:18 2:11 0:71 
1217	100	0:10 1:20 2:70 
1218	100	2:59 0:7 1:34 
1219	100	1:83 2:11 0:6 
1220	100	1:73 0:14 2:13 
1221	100	0:25 2:71 1:4 
1222	100	1:30 0:22 2:48 
1223	100	2:92 1:7 0:1 
1224	100	0:62 2:12 1:26 
1225	100	2:22 0:39 1:39 
1226	100	0:68 1:32 
1227	100	1:57 2:40 0:3 
1228	100	0:60 1:34 2:6 
1229	100	2:14 1:71 0:15 
1230	100	2:73 1:27 
1231	100	0:47 1:35 2:18 
1232	100	2:53 0:28 1:19 
1233	100	2:70 1:4 0:26 
1234	100	0:54 2:34 1:12 
1235	100	2:88 0:5 1:7 
1236	100	1:43 2:28 0:29 
1237	100	1:76 2:14 0:10 
1238	100	2:49 0:32 1:19 
1239	100	1:69 0:22 2:9 
1240	100	0:55 1:25 2:20 
1241	100	2:18 1:78 0:4 
1242	100	1:30 2:10 0:60 
1243	100	1:12 0:71 2:17 
1244	100	2:46 1:37 0:17 
1245	100	1:29 2:57 0:14 
1246	100	1:28 0:55 2:17 
1247	100	1:29 0:60 2:11 
1248	100	2:62 1:32 0:6 
1249	100	0:53 2:24 1:23 
1250	100	0:61 2:18 1:21 
1251	100	2:70 1:24 0:6 
1252	100	1:93 0:6 2:1 
1253	100	0:87 2:9 1:4 
1254	100	1:74 2:23 0:3 
1255	100	2:66 1:32 0:2 
1256	100	1:82 2:17 0:1 
1257	100	2:64 0:17 1:19 
1258	100	1:52 2:30 0:18 
1259	100	1:71 0:28 2:1 
1260	100	2:74 1:18 0:8 
1261	100	0:51 1:36 2:13 
1262	100	1:56 2:34 0:10 
1263	100	2:29 1:65 0:6 
1264	100	0:68 2:25 1:7 
1265	100	1:81 0:4 2:15 
1266	100	2:17 0:43 1:40 
1267	100	2:54 0:23 1:23 
1268	100	2:50 0:7 1:43 
1269	100	1:67 2:18 0:15 
1270	100	1:27 2:55 0:18 
1271	100	1:59 0:38 2:3 
1272	100	1:98 0:2 
1273	100	1:31 2:54 0:15 
1274	100	2:69 0:5 1:26 
1275	100	2:45 1:45 0:10 
1276	100	2:71 0:18 1:11 
1277	100	0:53 1:39 2:8 
1278	100	1:36 0:42 2:22 
1279	100	0:52 2:18 1:30 
1280	100	2:55 0:45 
1281	100	2:4 0:77 1:19 
1282	100	0:67 1:12 2:21 
1283	100	0:62 2:27 1:11 
1284	100	2:24 0:31 1:45 
1285	100	1:42 0:36 2:22 
1286	100	2:39 0:41 1:20 
1287	100	0:19 1:65 2:16 
1288	100	2:29 0:41 1:30 
1289	100	1:63 2:29 0:8 
1290	100	1:78 0:9 2:13 
1291	100	1:48 2:21 0:31 
1292	100	2:28 0:59 1:13 
1293	100	2:42 0:19 1:39 
1294	100	2:20 1:70 0:10 
1295	100	0:60 1:33 2:7 
1296	100	0:55 2:13 1:32 
1297	100	2:54 1:38 0:8 
1298	100	2:89 1:4 0:7 
1299	100	2:26 0:22 1:52 
1300	100	0:55 2:41 1:4 
1301	100	0:48 2:21 1:31 
1302	100	0:39 2:53 1:8 
1303	100	0:59 2:33 1:8 
1304	100	1:72 0:8 2:20 
1305	100	1:48 2:30 0:22 
1306	100	1:71 0:26 2:3 
1307	100	1:50 0:18 2:32 
1308	100	1:90 0:9 2:1 
1309	100	0:43 1:55 2:2 
1310	100	1:87 2:7 0:6 
1311	100	0:62 1:24 2:14 
1312	100	1:83 0:16 2:1 
1313	100	0:68 2:29 1:3 
1314	100	1:37 2:61 0:2 
1315	100	1:37 0:11 2:52 
1316	100	0:81 2:9 1:10 
1317	100	1:65 2:33 0:2 
1318	100	1:76 0:14 2:10 
1319	100	1:17 0:82 2:1 
1320	100	0:78 2:17 1:5 
1321	100	2:87 0:6 1:7 
1322	100	0:22 2:44 1:34 
1323	100	1:81 2:7 0:12 
1324	100	2:16 0:46 1:38 
1325	100	1:8 2:89 0:3 
1326	100	0:62 2:8 1:30 
1327	100	1:34 2:60 0:6 
1328	100	0:31 1:65 2:4 
1329	100	2:54 1:35 0:11 
1330	100	1:87 0:11 2:2 
1331	100	2:75 1:20 0:5 
1332	100	1:48 0:23 2:29 
1333	100	1:28 0:48 2:24 
1334	100	2:47 1:47 0:6 
1335	100	0:65 1:34 2:1 
1336	100	1:69 0:29 2:2 
1337	100	1:42 0:51 2:7 
1338	100	1:65 0:34 2:1 
1339	100	1:54 2:25 0:21 
1340	100	1:41 2:52 0:7 
1341	100	2:92 1:7 0:1 
1342	100	2:45 1:22 0:33 
1343	100	0:19 2:56 1:25 
1344	100	0:64 1:34 2:2 
1345	100	2:93 1:3 0:4 
1346	100	0:46 1:38 2:16 
1347	100	0:32 2:63 1:5 
1348	100	2:63 0:36 1:1 
1349	100	0:11 1:27 2:62 
1350	100	1:18 0:48 2:34 
1351	100	2:62 1:38 
1352	100	1:67 0:28 2:5 
1353	100	0:58 2:21 1:21 
1354	100	0:92 2:7 1:1 
1355	100	2:58 0:17 1:25 
1356	100	1:47 2:44 0:9 
1357	100	0:89 2:10 1:1 
1358	100	1:47 0:41 2:12 
1359	100	2:38 1:41 0:21 
1360	100	0:88 1:4 2:8 
1361	100	0:40 2:47 1:13 
1362	100	1:28 0:65 2:7 
1363	100	1:51 2:40 0:9 
1364	100	2:41 1:54 0:5 
1365	100	2:40 1:30 0:30 
1366	100	2:45 1:49 0:6 
1367	100	1:64 2:27 0:9 
1368	100	0:82 1:11 2:7 
1369	100	1:59 0:37 2:4 
1370	100	2:9 1:41 0:50 
1371	100	0:66 1:34 
1372	100	2:11 0:69 1:20 
1373	100	1:69 0:11 2:20 
1374	100	2:43 1:57 
1375	100	1:33 2:52 0:15 
1376	100	2:77 0:19 1:4 
1377	100	0:61 2:38 1:1 
1378	100	1:54 0:34 2:12 
1379	100	1:54 2:18 0:28 
1380	100	1:39 2:47 0:14 
1381	100	0:19 2:35 1:46 
1382	100	1:23 0:36 2:41 
1383	100	0:30 2:2 1:68 
1384	100	0:59 1:32 2:9 
1385	100	1:7 0:45 2:48 
1386	100	0:43 1:53 2:4 
1387	100	2:81 0:19 
1388	100	1:35 0:65 
1389	100	2:45 1:26 0:29 
1390	100	2:65 0:15 1:20 
1391	100	1:52 0:14 2:34 
1392	100	1:56 2:39 0:5 
1393	100	2:56 1:33 0:11 
1394	100	2:84 0:15 1:1 
1395	100	1:69 0:23 2:8 
1396	100	0:70 2:27 1:3 
1397	100	2:69 0:20 1:11 
1398	100	2:48 1:26 0:26 
1399	100	1:42 0:27 2:31 
1400	100	2:38 0:34 1:28 
1401	100	1:54 2:41 0:5 
1402	100	2:45 1:34 0:21 
1403	100	2:67 1:26 0:7 
1404	100	2:42 0:47 1:11 
1405	100	0:40 1:48 2:12 
1406	100	1:57 2:33 0:10 
1407	100	0:22 1:65 2:13 
1408	100	1:86 0:8 2:6 
1409	100	1:57 2:41 0:2 
1410	100	0:41 2:42 1:17 
1411	100	2:80 1:19 0:1 
1412	100	0:65 1:13 2:22 
1413	100	0:71 1:12 2:17 
1414	100	1:65 2:22 0:13 
1415	100	2:70 1:27 0:3 
1416	100	1:68 0:16 2:16 
1417	100	2:56 0:41 1:3 
1418	100	1:42 2:42 0:16 
1419	100	2:67 1:21 0:12 
1420	100	0:24 1:45 2:31 
1421	100	1:33 0:62 2:5 
1422	100	0:65 2:5 1:30 
1423	100	1:65 2:23 0:12 
1424	100	2:98 0:1 1:1 
1425	100	2:69 1:23 0:8 
1426	100	0:40 1:58 2:2 
1427	100	1:62 0:35 2:3 
1428	100	0:63 1:23 2:14 
1429	100	2:79 1:20 0:1 
1430	100	1:28 2:47 0:25 
1431	100	0:60 1:39 2:1 
1432	100	0:52 2:24 1:24 
1433	100	0:46 1:29 2:25 
1434	100	2:14 0:8 1:78 
1435	100	1:52 2:43 0:5 
1436	100	1:42 0:17 2:41 
1437	100	0:20 2:30 1:50 
1438	100	0:60 1:10 2:30 
1439	100	1:22 0:61 2:17 
1440	100	0:11 2:85 1:4 
1441	100	2:74 1:23 0:3 
1442	100	2:81 1:18 0:1 
1443	100	0:99 2:1 
1444	100	1:69 2:26 0:5 
1445	100	0:25 1:48 2:27 
1446	100	1:82 2:10 0:8 
1447	100	1:51 0:30 2:19 
1448	100	0:19 1:64 2:17 
1449	100	1:60 0:23 2:17 
1450	100	0:91 2:9 
1451	100	2:21 0:71 1:8 
1452	100	0:78 2:18 1:4 
1453	100	0:65 2:31 1:4 
1454	100	1:48 2:24 0:28 
1455	100	2:67 1:28 0:5 
1456	100	1:76 0:16 2:8 
1457	100	1:52 0:47 2:1 
1458	100	2:42 0:51 1:7 
1459	100	0:63 2:24 1:13 
1460	100	2:60 1:36 0:4 
1461	100	2:19 1:72 0:9 
1462	100	2:29 0:57 1:14 
1463	100	1:59 2:38 0:3 
1464	100	2:24 1:42 0:34 
1465	100	2:79 1:9 0:12 
1466	100	1:64 0:35 2:1 
1467	100	1:38 2:62 
1468	100	1:72 2:19 0:9 
1469	100	0:60 1:29 2:11 
1470	100	0:66 2:17 1:17 
1471	100	2:85 0:15 
1472	100	2:37 0:31 1:32 
1473	100	2:41 0:53 1:6 
1474	100	2:51 1:44 0:5 
1475	100	1:36 2:60 0:4 
1476	100	0:45 2:39 1:16 
1477	100	1:17 0:82 2:1 
1478	100	0:36 1:32 2:32 
1479	100	0:13 1:73 2:14 
1480	100	1:27 2:73 
1481	100	1:76 0:3 2:21 
1482	100	1:65 0:13 2:22 
1483	100	2:67 1:27 0:6 
1484	100	0:53 2:16 1:31 
1485	100	0:84 2:6 1:10 
1486	100	2:87 1:4 0:9 
1487	100	2:36 0:27 1:37 
1488	100	1:9 2:40 0:51 
1489	100	0:58 1:36 2:6 
1490	100	2:45 0:38 1:17 
1491	100	0:37 1:54 2:9 
1492	100	0:76 1:10 2:14 
1493	100	2:89 1:11 
1494	100	2:32 0:49 1:19 
1495	100	2:32 1:62 0:6 
1496	100	1:57 0:36 2:7 
1497	100	2:74 1:7 0:19 
1498	100	0:11 2:86 1:3 
1499	100	2:19 1:13 0:68 
