4.788349344861935197e-01 4.738478587648245997e-03 4.563713997607075673e-04 2.263144830995287259e-04 9.953787008550402104e-02 2.286101545245889516e-02 2.510158553660161301e-02 1.536582407675956274e-01 4.862616757059960238e-04 1.877413389799414967e-01 2.280109718203132761e-04 2.596283491284716587e-04 2.517283189883011765e-02 3.981307920136354056e-04 2.989865336981877486e-04
4.425134979080820319e-01 2.689223140441927146e-02 5.442724870618578792e-02 4.234554097527992809e-04 3.749621456557270666e-02 2.143386930500337448e-02 2.286661932859589824e-02 1.449032241782286234e-01 1.880858678489314220e-02 8.612548569110892172e-02 4.402978296554976856e-02 1.049991088556900647e-02 4.593838398490267955e-02 2.746590081117241539e-02 1.617558807096344808e-02
4.801138780172750642e-01 2.022302925095208898e-02 3.026263078188260944e-02 1.465340905796431005e-03 3.735947446923267024e-02 2.889918962751533357e-02 2.528458554764539956e-02 1.095477172997186555e-01 2.852338956729485661e-02 9.230534336987777921e-02 3.979733816140142849e-02 3.437576766435217202e-02 4.642867245491416606e-02 2.213642358776738220e-02 3.277219294373767168e-03
3.916164134149118237e-01 2.613486834557141730e-02 3.054650165288818123e-02 1.634608671372955128e-03 3.082767858996612181e-02 5.148034081462305595e-02 3.097359095573755730e-02 1.091305352123550232e-01 4.592894595617971754e-02 1.201421024267555621e-01 5.088335502485140383e-02 2.372751824824411229e-02 5.639186212527418779e-02 2.285461519921613838e-02 7.727063362052791554e-03
4.036171285833032862e-01 3.322057315891797924e-02 3.546977158930769702e-02 2.215866427806449917e-03 2.334349768415080670e-02 3.029345085387352698e-02 3.674993833089241352e-02 1.407977619187598395e-01 2.966352448117137372e-02 9.397644978347777234e-02 6.114431087325167963e-02 1.705154451316311798e-02 7.324715326259022274e-02 1.467560691438089295e-02 4.533421624952607178e-03
4.327491648165710525e-01 2.866391692250176357e-02 3.353708200869418704e-02 1.981140320385058051e-03 3.076435449909198372e-02 3.230569735816079396e-02 3.073861114103412784e-02 1.292903696466328745e-01 3.067922394884176757e-02 9.631384405661451431e-02 5.420575721095310939e-02 1.471739553939454756e-02 6.183197586473660606e-02 1.736022114761874222e-02 4.861245518768915995e-03
4.171557474487060380e-01 2.673632406758653934e-02 5.777466949106434269e-02 9.847754275841074604e-04 1.865289938452449614e-02 2.602527972203140180e-02 2.104090389325251678e-02 1.171277862807428849e-01 3.953558530500192458e-02 5.519033548826182689e-02 4.667160267669706597e-02 3.670603340453854058e-02 7.869905448163176664e-02 4.410156001794473396e-02 1.359744291043180411e-02
3.930382025724453721e-01 3.448764292659462632e-02 3.018844272602188086e-02 1.066304165883514513e-03 4.973005734452203702e-02 3.032284125751547044e-02 1.934863233413576869e-02 1.330601660433413103e-01 3.736297927025023641e-02 8.895998577491616432e-02 6.123382563526684474e-02 2.981628084342171497e-02 6.894514030305333441e-02 1.469265458053279488e-02 7.746844222098861130e-03
4.146614082548538693e-01 2.855635783518531423e-02 2.525457040865055486e-02 1.907901517699978631e-03 5.010609620154800325e-02 2.720850362781241857e-02 3.334074196471013829e-02 1.262224596598405524e-01 3.561256303671567203e-02 9.200287604892047610e-02 5.400443336292747726e-02 2.965470240919078695e-02 6.073648075057957313e-02 1.537980302269588255e-02 5.351101898669217635e-03
4.541243421274890890e-01 1.660293489319233234e-02 3.880573788447770622e-02 2.575094555553136474e-03 5.331934713696570571e-02 2.657444033843806702e-02 4.328631651188113993e-02 9.003060351299119191e-02 4.489966472260851355e-02 9.291036464283691787e-02 3.080571655048426963e-02 2.033819931892419733e-02 6.056626814088364452e-02 1.716059574362749363e-02 8.000373919646410967e-03
4.234404446861073645e-01 2.203850907920838417e-02 3.315771340977890363e-02 1.760368130512788946e-03 5.446747997052620027e-02 2.025714632376966751e-02 4.238848447209547093e-02 1.167768415239276852e-01 3.644060769827687368e-02 9.050315003193724894e-02 4.135347118934069865e-02 1.987816549874446559e-02 6.815369513657655587e-02 2.532659966515784372e-02 4.057323184039760694e-03
4.362312243401996747e-01 1.871157149072630310e-02 3.045218421028315914e-02 2.246745677495092658e-03 5.014973493728405729e-02 2.314776463950825314e-02 4.193592059051982901e-02 1.108379560678032921e-01 3.726465255981657732e-02 9.684707818577217853e-02 3.363255065170717151e-02 2.033740850533695757e-02 6.738824330558185194e-02 2.547317518014145105e-02 5.343789657823940116e-03
5.694501950372446997e-01 4.379639492188205398e-03 5.407286814648954582e-02 1.967246865391839971e-03 5.356806320604845517e-02 1.270110386347420885e-02 3.004160763693033975e-02 6.999892410149852195e-02 2.542162960381658815e-02 6.235344610679599553e-02 7.406090412748653554e-03 2.310064297538607855e-02 6.686955926319319843e-02 1.462854594165776019e-02 4.040437347135721231e-03
5.510877439333942140e-01 4.970634982516529757e-03 2.856473657090068813e-02 2.474204024408061323e-03 5.494179418866219911e-02 2.097337459456205533e-02 3.890460159031423198e-02 7.305857626042289166e-02 3.773341298902475188e-02 6.487984803597744710e-02 9.490170196172483669e-03 2.801503379629937188e-02 5.799355972287352501e-02 2.067855201043044058e-02 6.233757104040806712e-03
2.910605173682909719e-01 4.525221320076122135e-03 7.100269226348347729e-02 2.048132049667589303e-03 6.333221990679097080e-02 1.486755377640919598e-02 3.577849442659344903e-02 4.405527205199008534e-02 4.814512882096746993e-02 1.775238410209516171e-01 8.990962360030886960e-03 2.585306306388633971e-02 1.294517368286109971e-01 3.868688740205587090e-02 4.467827734019488156e-02
4.817050645725013402e-01 4.134585097983676377e-03 9.992835942028847895e-02 1.834343901725667657e-03 4.002272970146415060e-02 1.315999866277547080e-02 3.131891284821307353e-02 5.021706346582200525e-02 3.378850077089416704e-02 5.603337369781793975e-02 6.481584661757020145e-03 4.793200867944085591e-02 9.070904613822398932e-02 3.171406683795451042e-02 1.102036154313743715e-02
4.426796126460528780e-01 8.245427028731048408e-03 5.153921267206984513e-02 1.244050194389211342e-03 7.821341769680249800e-02 3.390347271563978054e-02 2.846802904638451315e-02 4.556733818183625329e-02 6.020847691717567257e-02 9.372238136778447692e-02 1.363805926888985061e-02 4.825172995107747387e-02 6.265358396161946342e-02 1.828937306935103646e-02 1.337583528219569474e-02
4.529372222338744480e-01 2.876025179980657050e-03 4.619677855732275823e-02 2.259714439628644159e-03 5.512086756654684117e-02 4.598827599438271713e-02 4.708135463063903292e-02 3.965944523038931330e-02 8.214603117741009486e-02 8.432626229839593202e-02 3.817802075182535025e-03 4.546396881997758627e-02 4.808669417805024743e-02 2.260130596643530193e-02 2.143825165178374695e-02
4.857639225779018521e-01 2.448133140395198845e-03 5.658092311885911524e-02 2.535866753647357964e-03 4.649409403595970020e-02 4.068431842151638833e-02 4.768850691021848248e-02 3.710806387733989881e-02 6.973789357492983509e-02 8.695116307662711930e-02 3.358932406805362637e-03 3.216151648555201636e-02 5.242231299178823356e-02 1.999890122013364344e-02 1.606545140832554147e-02
4.661690900136758464e-01 5.071205083529493722e-03 6.624944264222105972e-02 9.331589060747411818e-04 7.108346931742987040e-02 2.502534790698481004e-02 2.391574855349750187e-02 4.205274244174312531e-02 5.234603614376923814e-02 1.109021289115268150e-01 9.310272578901414298e-03 2.131491754811494846e-02 6.883212692989638948e-02 1.928152790811792083e-02 1.751278511451671155e-02
3.299603639855303583e-01 2.775321139743523475e-03 4.847145696397248127e-02 6.606580860292610288e-04 4.914769194054000728e-02 2.402904598704032335e-02 2.250193914246685287e-02 4.353769333176688017e-02 3.219690960470134033e-02 1.744849122308820555e-01 8.819000973903787927e-03 3.746481348487838703e-02 1.277620223541300337e-01 4.166947030368201021e-02 5.651870047073249276e-02
4.010199427564365426e-01 2.693292757568891641e-03 4.464828871848307984e-02 4.723149454077747353e-04 4.408512053538953673e-02 3.900102607608688099e-02 3.218337171515527062e-02 4.958893799201174318e-02 3.618342597694261531e-02 1.305396136342985569e-01 5.285218726766799033e-03 1.988499642577012602e-02 7.623193560573172933e-02 6.494263528130217455e-02 5.323987885264806763e-02
3.793536799249590530e-01 4.607603495358532017e-03 5.845327769704327520e-02 1.295925262182896776e-03 6.211593906176907098e-02 2.114479129302713339e-02 4.061074992408836293e-02 5.041988229221461976e-02 4.318677208122909117e-02 1.519930293868489157e-01 8.497893085693649512e-03 1.121366079073435329e-02 9.705724668301260460e-02 3.181686850526603549e-02 3.823268051657253974e-02
2.971184298721480932e-01 2.560455307815537492e-03 3.552504896988018662e-02 6.645124644229021774e-04 6.500540982571674509e-02 2.293710994144496432e-02 2.050320626977149979e-02 5.474857183245782077e-02 3.188834871910776331e-02 1.962975913245445791e-01 9.600159753315535421e-03 3.706680530177260818e-02 1.322924331278041155e-01 4.108930853251965137e-02 5.270260875727798139e-02
3.230586522553294260e-01 2.023400809288082580e-03 4.353152425012918325e-02 7.822806857924138489e-04 4.599580023921606003e-02 3.080486360305643642e-02 3.721634508807627334e-02 4.796071864951434449e-02 4.792094532651664657e-02 1.529697927989339123e-01 1.034421631079412637e-02 4.434086097012728683e-02 1.147589680751034680e-01 4.544158996297124192e-02 5.285004097515084293e-02
2.902463037342098429e-01 1.296911180461577523e-02 1.083507807752945584e-01 3.197487197650865235e-04 4.339835479420897646e-02 3.366401959684637429e-02 4.633405516010084130e-02 7.648641963682446809e-02 5.295986872524164474e-02 1.204529781778226477e-01 3.012190317370005282e-02 4.637224273224334337e-02 7.891813893802938906e-02 3.019448306999021614e-02 2.921159096110659964e-02
2.995089466174604698e-01 3.823363021110063112e-03 7.803850945740327394e-02 7.436877207145608766e-04 6.710580160097055769e-02 3.446135950321038699e-02 4.739376913310149736e-02 5.201802663208999339e-02 7.558323601113325907e-02 1.267591860928592995e-01 1.199882335835322431e-02 2.906853280433807640e-02 8.137610652584299775e-02 5.831233315626109526e-02 3.380831836515115624e-02
3.011027830947569650e-01 1.526701681608432773e-03 5.504299501799312516e-02 7.481317892264440416e-04 6.492399073123863995e-02 3.682574142508788367e-02 3.676303686701513224e-02 5.434213482179084398e-02 6.852284409700690193e-02 1.300346793522781097e-01 1.208756778855765018e-02 5.240796106620497496e-02 9.109685592397566423e-02 6.003031542459230652e-02 3.454426091866683035e-02
3.245469555286575325e-01 1.391554293719602167e-02 8.680233270263418288e-02 3.014649748017400729e-04 4.926377526394208617e-02 2.387159138581756643e-02 1.725146507707913529e-02 8.191043313920688684e-02 2.521435411730225604e-02 1.473029222435175700e-01 2.788313304954267297e-02 3.497027657575293991e-02 1.084562192161669797e-01 2.354026634320888905e-02 3.476926744517317563e-02
4.433550235176869636e-01 7.635915688014993999e-03 4.565560012914884891e-02 1.518544974356370687e-03 5.020222655870432843e-02 2.076527374382302130e-02 3.784730401610300610e-02 8.767001343784415479e-02 3.225016877364181994e-02 9.628674724514775518e-02 1.996476795917617383e-02 4.105037088370706161e-02 6.864622281334493981e-02 2.936332779932715811e-02 1.778849245997342690e-02
4.328249386206979299e-01 2.151896523827748556e-02 6.886628837966142502e-02 1.043566144470592936e-03 4.957477920149695738e-02 2.793935471662932837e-02 1.423455986419574354e-02 9.647681454867886031e-02 3.417477284291284972e-02 7.102420224782345082e-02 4.087613328015059222e-02 3.662657372457998883e-02 7.036149079978090692e-02 2.273626920591808112e-02 1.172129118472576767e-02
4.341043335659030555e-01 1.080809297471733814e-02 6.839738095344670421e-02 1.247245289004695300e-03 3.080765601920652103e-02 2.882659556650944699e-02 2.380096891889381394e-02 7.419076635383972662e-02 5.566683586669501221e-02 6.094753700245959804e-02 2.663996102356045240e-02 6.376040488530798633e-02 7.340829016237800098e-02 2.930061970450834399e-02 1.809331171356945434e-02
4.686473888466349824e-01 4.867097900555797385e-03 5.667887170767414717e-02 1.722839770482881370e-03 6.702460670637996887e-02 3.244252800691022065e-02 1.890567690287285607e-02 4.849448194312794280e-02 4.407975942472298209e-02 8.345411588650072932e-02 1.479232062703746998e-02 4.622978689329745872e-02 7.086822276543995602e-02 2.831863042504038572e-02 1.347367219332219583e-02
4.479768562785585440e-01 2.808444471250550519e-03 5.035014975358711314e-02 1.418198417837487338e-03 5.828306451970419189e-02 4.521021496006254192e-02 2.427038220476975330e-02 5.995323846833713194e-02 7.183769449879463809e-02 6.457104453579036452e-02 9.214614037477699207e-03 5.250561363633099443e-02 5.338575469802425005e-02 3.945043941556826417e-02 1.876429010390612967e-02
4.174163178191405144e-01 3.390591116219231812e-03 5.891637624542093998e-02 4.043856567246248749e-04 6.003179191755032146e-02 5.816331393257868909e-02 1.223014623559196164e-02 4.094605466122053228e-02 8.857677940957103813e-02 6.805272836823426930e-02 7.962938483363612291e-03 6.629160013861479239e-02 4.953182048046320812e-02 3.803217192736572244e-02 3.005298360794025556e-02
3.910809339341328461e-01 2.879588615558883579e-03 3.247596440693570341e-02 1.625380115265920343e-03 5.439177280183761509e-02 5.818267296862672522e-02 3.502976907314820504e-02 6.401700961761032371e-02 8.970572402940940604e-02 7.248227364178727594e-02 1.521721584801658846e-02 6.219174993287231168e-02 5.642429105285415303e-02 4.024753749602862085e-02 2.404811646591521745e-02
3.847899083049845514e-01 1.806474452283845329e-03 3.981935749260009233e-02 1.139547529139809962e-03 5.116096623188030879e-02 6.545419441927019522e-02 3.534887595094299978e-02 3.585966490018403785e-02 1.134905496341013370e-01 5.512546726172283529e-02 6.979845758415535381e-03 6.861907156519583828e-02 6.209445027922379234e-02 4.636300008109913579e-02 3.194862613895550763e-02
3.533447921157260030e-01 7.851124831494981499e-03 4.458034647135630801e-02 1.754666836279978204e-03 6.003554037302522711e-02 4.523261831193062243e-02 5.195660746667313951e-02 6.596948256400814170e-02 9.498934826161407885e-02 6.039300219543294879e-02 1.828825617084143054e-02 4.822433457625538433e-02 6.811806188349718572e-02 5.932761467349426804e-02 1.993420326837022291e-02
4.049419760807468349e-01 2.657187444884389401e-03 5.151676844706294667e-02 1.655514875377898931e-03 6.625815782276341104e-02 3.482714627491881321e-02 3.859609808986737972e-02 4.684393170644769039e-02 7.342139810582555548e-02 6.708120261048643174e-02 8.635591368325621492e-03 5.618108695636948174e-02 7.095464379060593962e-02 5.878637622793257689e-02 1.764292019838477679e-02
4.518748250886115425e-01 1.782909905350876789e-03 7.480317373118137991e-02 1.489359352082447610e-03 5.842872320643986012e-02 2.532152962259881165e-02 3.057254168137707104e-02 4.635809280065763399e-02 5.282598035065194653e-02 6.100783911091606920e-02 5.183521588397445312e-03 4.886105919957655502e-02 6.991097156039439986e-02 5.449862758697167353e-02 1.708084521479269133e-02
4.074285798532142344e-01 2.326090701303330354e-03 5.730295428527808210e-02 7.113272372453547515e-04 5.650706921533821259e-02 6.703624872108462918e-02 4.195481801746059336e-02 2.910004584416421569e-02 1.089520406712858741e-01 6.141976189527845187e-02 3.601264700241237245e-03 4.100564675271373832e-02 3.922209477716103593e-02 4.892221323359353252e-02 3.450984409463732361e-02
4.009102886485120809e-01 1.936068657941178960e-03 6.008058224697961081e-02 5.548418120740642801e-04 4.053976401395860407e-02 8.891299449477643724e-02 3.090629967804317535e-02 3.576578425205211714e-02 1.307175664881920218e-01 5.573439900746472719e-02 3.627697709999244333e-03 5.463783281792370522e-02 3.150900113705380062e-02 2.447261400195315656e-02 3.969426503307594417e-02
4.183470711956408516e-01 2.107444673281658274e-03 3.732075872036198783e-02 8.572090811147050661e-04 6.756620093050676179e-02 6.407566262509423183e-02 2.075721572131265444e-02 4.248067123444995707e-02 1.002104606737058562e-01 8.060194292446076769e-02 5.983721622160642455e-03 5.022666890300137715e-02 4.927935528414526672e-02 3.378690655372622309e-02 2.639870985703679507e-02
3.927692543398378922e-01 1.783066445959979483e-03 4.045793580949987728e-02 6.352663857820636285e-04 4.054337288014834423e-02 8.487303498365508792e-02 5.090681302715543283e-02 2.706747698888830461e-02 1.436179977323581991e-01 4.178160104470424879e-02 3.031321816971257587e-03 5.919825314970576791e-02 3.157594497028311936e-02 4.048963234008590845e-02 4.126902808496427794e-02
4.628367467177983974e-01 1.854885593362738628e-03 3.816524434704159779e-02 8.834956598191986109e-04 3.227183304625041993e-02 7.008566536039208261e-02 2.381126439768800271e-02 5.035780157403345336e-02 1.031949183605936210e-01 4.141249564329088639e-02 3.542768669075200584e-03 6.108377172270924166e-02 4.463211477128675025e-02 3.542132583857355438e-02 3.044566829808458691e-02
4.556143392616223697e-01 5.455506402524269716e-03 2.969876883594321781e-02 7.661748301273346023e-04 4.815921178299905486e-02 4.614979656826664889e-02 1.711835908921755661e-02 6.497970257006453754e-02 6.444567706887513459e-02 7.086860962874788616e-02 1.341026896965795932e-02 5.180623882146460912e-02 6.546764987722572537e-02 4.239421504310579569e-02 2.366548125015768139e-02
5.072729050759922087e-01 2.963335070218147804e-03 2.505362546724766715e-02 1.017996371796685414e-03 5.431887403979502454e-02 4.616786297292550800e-02 2.220122143032308287e-02 5.276467160044998050e-02 7.808281422862989318e-02 4.759545938395393777e-02 5.898545341282828217e-03 4.201617124172275786e-02 5.220441217952484503e-02 4.377057588796916948e-02 1.867152970816812405e-02
5.243607173927716802e-01 1.765009450413335861e-03 9.754936454982893190e-02 1.102193656650427402e-03 2.645064911753694514e-02 2.904116559902602743e-02 3.248988453755830702e-02 5.165957241968057584e-02 5.356179190459391809e-02 4.823075654777480431e-02 1.054638935127800992e-02 3.807026099672751462e-02 2.797954034474342197e-02 3.827775485825904433e-02 1.891494927315698002e-02
6.137420086936790087e-01 9.633104717193760082e-04 1.081605408693099984e-01 4.198121178175090429e-04 1.868274622405923999e-02 1.705781220727001571e-02 1.319110438411730084e-02 4.518485334100918321e-02 7.148609718353833575e-02 3.647050058927912841e-02 3.217629424905829767e-03 7.839114864798739021e-03 1.355113884153450431e-02 3.319739938953741865e-02 1.683593139742420308e-02
5.095884858180982357e-01 6.848907379319554064e-04 1.194463823190331370e-01 6.608729354449347946e-04 3.201549064532212968e-02 1.232169760081408549e-02 2.164808774880585748e-02 4.276539879339620598e-02 6.194393407567629767e-02 4.841037791164680415e-02 3.921664676063396290e-03 1.309403969322054002e-02 2.389942412743079406e-02 8.514121719497823315e-02 2.445803572213722105e-02
5.262529856432450748e-01 7.441454840056831730e-04 3.719612781706602839e-02 9.073401796966468549e-04 4.753954092397769809e-02 2.226226814964718526e-02 1.876384625115299493e-02 4.575331850794507604e-02 4.761294497479628962e-02 7.661543273646759244e-02 9.438773942375588283e-03 3.196071039166801381e-02 2.887743069461263037e-02 6.833409020167280357e-02 3.774104410167032631e-02
4.110783850912834159e-01 2.161526390819529502e-03 5.401230713143496953e-02 7.574677862029443850e-04 3.487818630418303839e-02 2.199839376317672818e-02 4.024399366308446802e-02 5.461829554068189235e-02 4.620799103897973298e-02 6.922780453952820379e-02 1.954202437433323961e-02 8.177596925888795665e-02 4.346004879294986661e-02 8.599154001404943348e-02 3.404606631040434095e-02
4.701471042506436548e-01 2.543128736632302433e-03 6.696285934567826337e-02 1.154378951798497180e-03 4.033470205315297513e-02 1.347407177447217975e-02 4.280568111461106884e-02 5.615506130746154845e-02 3.680126940017695164e-02 6.547796655664778198e-02 1.659239913893270288e-02 8.061437129363081822e-02 4.914487075835523300e-02 4.524354906665125492e-02 1.254858625115440850e-02
5.221906215251458372e-01 2.308935295111256853e-03 7.812343986808141516e-02 7.138798735234116446e-04 3.853725529572019082e-02 1.543504953572447103e-02 2.494318972007607271e-02 5.243313496626416520e-02 2.463482020950647985e-02 5.513224425888101771e-02 1.314569732319458006e-02 5.765516371213438851e-02 4.424895839962073724e-02 5.289836521512534390e-02 1.759924480189037008e-02
3.116047888172681080e-01 2.050068750544427332e-03 1.119442571552960869e-01 5.511791047909233915e-04 2.363792612941199855e-02 3.367671414228127352e-02 2.740707926384152587e-02 4.625350200277547619e-02 8.793090824564664398e-02 5.320812993711223488e-02 1.426710346817504881e-02 5.271402048841716814e-02 3.526901304771758172e-02 1.450859813095076167e-01 5.439932813721375798e-02
3.381932216119616363e-01 1.773870628305090338e-03 9.332085239816735600e-02 6.622645066840466893e-04 3.183986366480950903e-02 3.079152089691653688e-02 2.014544572490825636e-02 5.011344530557109572e-02 5.790039624317498690e-02 5.976331628674368124e-02 1.137607800137411737e-02 3.432678941230789954e-02 2.726414347440210897e-02 1.729854084234947187e-01 6.954338342117862004e-02
2.791521055100957271e-01 2.106406099015058209e-03 1.009273054864279900e-01 4.775473068951309854e-04 3.570626021080138685e-02 5.059858662950538627e-02 2.155463995424119344e-02 4.470792756393825174e-02 8.895265437218893845e-02 5.173308368149900915e-02 1.341053163917242663e-02 3.972909796985096831e-02 2.101909647160119313e-02 1.818255772076011745e-01 6.809917989716582354e-02
3.139303679757581289e-01 1.416366229944653011e-03 8.721510589102919597e-02 6.226827350495425534e-04 2.278901942058924462e-02 4.042663884723485951e-02 4.295593435333133064e-02 4.626438628598464331e-02 9.895289962097636449e-02 5.598237006229301455e-02 1.310433605095370595e-02 5.378027306507000144e-02 3.109961429851966150e-02 1.339260343915693596e-01 5.753397077169614821e-02
3.070429301796590016e-01 3.626289158925471729e-03 1.214580817022810344e-01 5.633121734200535486e-04 3.760759938366997623e-02 2.307049826578047580e-02 1.560075489742951751e-02 4.013962590599019775e-02 7.382424046212880675e-02 3.712407682455728247e-02 1.166595305862366642e-02 3.912501161670475791e-02 4.263032354145689790e-02 1.869173439593083408e-01 5.960395887006442184e-02
2.874255907624835849e-01 3.555180578864835638e-03 1.005818479349675915e-01 4.462547885183249484e-04 4.040684971288510674e-02 2.877549633348399846e-02 2.105054409238234919e-02 3.962822080273606384e-02 8.006776356046406418e-02 4.159428471505574598e-02 1.238522321436156051e-02 3.015342761353641959e-02 3.118080713053317937e-02 2.116850749705140866e-01 7.106343378921306519e-02
3.596287678156677714e-01 2.171272353211108931e-03 7.854819313638630729e-02 7.278938381500319821e-04 2.503997265814030329e-02 1.929322612642196330e-02 3.689560559331132861e-02 4.408628549783060596e-02 9.590858780901169445e-02 3.849474941965704000e-02 8.703530397355880091e-03 3.201783277818838480e-02 2.929528289324895285e-02 1.687376150154316357e-01 6.045118466798690693e-02
2.480870416641275389e-01 5.919517086753651146e-03 1.114443914402536290e-01 5.281042117587127216e-04 2.660290167051935009e-02 2.546026990100504206e-02 2.837799865596968979e-02 4.762265643202548415e-02 9.121264066290438177e-02 3.709720126985387167e-02 1.791465633639523561e-02 2.520154091992575507e-02 3.239304484910002918e-02 2.253701867300431649e-01 7.676784816936416123e-02
3.660279364831014459e-01 1.719168596117483152e-03 6.879594595091688414e-02 7.998841175731929900e-04 3.554778259841127885e-02 1.733021209191707226e-02 3.569099156334453599e-02 5.220832356740116170e-02 6.291155633357686794e-02 5.274871595186144541e-02 1.327524572457767886e-02 4.249493958932496623e-02 3.276882514070840469e-02 1.629910346769348761e-01 5.468943761423251254e-02
3.183454659419798216e-01 7.753081570632011470e-04 1.357795394309975479e-01 6.193375538931697975e-04 2.020627320469465388e-02 9.695582066171092375e-03 1.838169069729569949e-02 2.969816959096014883e-02 8.978183640244809249e-02 2.376791447526551207e-02 6.026109405644986330e-03 3.743916639078884168e-02 4.320781306521364468e-02 2.060826689355077790e-01 6.019312468207614619e-02
3.092037655419697662e-01 8.650851133259903313e-04 1.155966015582926693e-01 7.093967130291686362e-04 1.694433054366080091e-02 2.065102578558398669e-02 4.522541357081241720e-02 4.825930192102348415e-02 8.444371302326285356e-02 3.309597227056839536e-02 1.482986698148849869e-02 5.302178628227079832e-02 2.029971565388929630e-02 1.783151370177405159e-01 5.853888802308133965e-02
3.164598250099244781e-01 1.274023978646772991e-03 1.226768882144550765e-01 4.874133017151114624e-04 3.331545257277368499e-02 2.517249175461615252e-02 3.388895917606233460e-02 4.090596613201918919e-02 7.527054304721958466e-02 3.429578483536107475e-02 1.157375513129390958e-02 2.721453607905565536e-02 1.496363331714535214e-02 1.987340757730442498e-01 6.376665167666709100e-02
2.780076673612880689e-01 1.082744416164030605e-03 1.568553192710921973e-01 4.762636085134003576e-04 4.206554323386361982e-02 2.229776640270186155e-02 1.310894873166263720e-02 3.086469282098077208e-02 6.299046353669271459e-02 4.235399460529239851e-02 8.893754825047780338e-03 4.790127143343184818e-02 3.614959265269623162e-02 1.998722769354404072e-01 5.707970016513215505e-02
2.216405989877037186e-01 1.035724979119952236e-03 1.639876110312395996e-01 5.989269221743117981e-04 4.412301998362558320e-02 2.334333334157429052e-02 2.097549701704904540e-02 2.744284744264164841e-02 7.837829587684742860e-02 4.257394304869285828e-02 8.226950758460612259e-03 4.448075021811341567e-02 4.162001176037979228e-02 2.214561970738512242e-01 6.011629155852626916e-02
2.373591835128055216e-01 6.426378478150533442e-04 1.432082145654994809e-01 8.488740756947028973e-04 3.638971320357211464e-02 1.973484707107474659e-02 5.326340874099838585e-02 4.527873638470422679e-02 7.107847132661374023e-02 5.204242605292089263e-02 1.620728294020989946e-02 7.334616272684972571e-02 4.060575846942318656e-02 1.648288098370478683e-01 4.516547324477029890e-02
1.991470559912943694e-01 2.217297656348314258e-03 1.769954421749446449e-01 3.245070355601055619e-04 3.622300497198936708e-02 3.066383469174968623e-02 2.793149114556335924e-02 3.115731833076355178e-02 7.684754403290464109e-02 3.658753924797802926e-02 1.101944501619425004e-02 4.123380280629428130e-02 2.947649717333697059e-02 2.296500978431699203e-01 7.052512188190822318e-02
2.713657747381053031e-01 8.451252028396533415e-04 1.645513389633730117e-01 4.613855041700174494e-04 3.167519112802030801e-02 2.549493338104792672e-02 2.004266908487072757e-02 3.921915515170551481e-02 6.660660522348833823e-02 4.033199114870779367e-02 1.196760204420307255e-02 5.077986219854428024e-02 2.992474236303190732e-02 1.897035819630827902e-01 5.703004190480907842e-02
2.338618331054292954e-01 1.405003708368253099e-03 1.848172688005685349e-01 3.658479821248122855e-04 4.244683019573221999e-02 3.477203835274357557e-02 1.898888558870337473e-02 3.904626346847216850e-02 7.905590029267038632e-02 4.070116203058977977e-02 1.085144376345127323e-02 6.151977846051226440e-02 4.286157399773945359e-02 1.670835293833574653e-01 4.222264086953679552e-02
3.072500952636690874e-01 7.461532436205616002e-04 1.552641338874164167e-01 6.640524707424392149e-04 2.370579177713314639e-02 1.605026397093338442e-02 3.539210018704771338e-02 4.871717213192559154e-02 7.198147293993811813e-02 3.951472766776430862e-02 1.351940773856706926e-02 7.314053313401069900e-02 3.944127549682136663e-02 1.391858755267834646e-01 3.542694456362653621e-02
2.734961566058443094e-01 1.758929166079724413e-03 1.466222231221777916e-01 6.373306289820559719e-04 1.857142112553458041e-02 2.091970646181478752e-02 6.898761724428408015e-02 6.756623222892993441e-02 6.513349080822666837e-02 4.664595925575867191e-02 2.624598590035669143e-02 9.046743499718994108e-02 2.942530144730505504e-02 1.113365793697357470e-01 3.218563163777974495e-02
3.387110367448518677e-01 1.761662595435850359e-03 1.433986821807709811e-01 5.325368684874731392e-04 3.034857981332760024e-02 2.673721797087903404e-02 2.953177193598236286e-02 5.727737031928466921e-02 4.549015410197967957e-02 4.553245341915004851e-02 1.660352693083592263e-02 7.626889532403602345e-02 4.730147084835891608e-02 1.086500486449583497e-01 3.185459230166113459e-02
3.162818211348033537e-01 2.223608762663291209e-03 1.200843654358970253e-01 5.061645750854308016e-04 2.909856571181244911e-02 2.312415613501239003e-02 4.551716425679424444e-02 6.426875449694609277e-02 6.115206214523213196e-02 5.994268480712691000e-02 2.143179892219087418e-02 8.316265442484581383e-02 4.454851854086396695e-02 1.006741405081793134e-01 2.798354014254653133e-02
3.341010233401364715e-01 1.209066905828729693e-03 1.464829120716427402e-01 5.406166431493389640e-04 3.325872219609937730e-02 2.422210587943355795e-02 2.437325779791642277e-02 5.128290438284486413e-02 5.812093327642778307e-02 4.707436160731348629e-02 1.193678995016946714e-02 6.711829493487343756e-02 5.046543163349819644e-02 1.179871839828127711e-01 3.182639539785299398e-02
3.836382345237391300e-01 2.434304963989747817e-03 1.399699233584679181e-01 4.357653846563924174e-04 2.776578595151237006e-02 2.669649851855010123e-02 2.982682466696106455e-02 5.665987655672909823e-02 4.055299828041739052e-02 4.550658236048919086e-02 1.805789558316098914e-02 7.887886339926133972e-02 4.343325851132434634e-02 8.236330043436472514e-02 2.377988750637597890e-02
2.154894416672786528e-01 1.653884622737094960e-03 1.496862418883266599e-01 3.531948253690324314e-04 3.633684288671021334e-02 4.947907567639728971e-02 3.188584145625285998e-02 4.803195708472133424e-02 8.206919748990662566e-02 4.662923924900591599e-02 1.619274078141002063e-02 6.157758890153740977e-02 2.819441153400755948e-02 1.750851926047107543e-01 5.733514933162842109e-02
5.522838867243895500e-01 6.731066494631291613e-03 7.938679780470596359e-02 4.172892017972649830e-04 1.711357172729426404e-02 3.024260592834105560e-02 1.624021147821607877e-02 2.481787041091584184e-02 6.526004543193317242e-02 5.430946671952061565e-03 1.267828998719575627e-02 4.015250406859247057e-02 4.906784733213166022e-02 7.606685620043168727e-02 2.411021053747165049e-02
4.626621073215275159e-01 2.607332997047603299e-03 8.528356426162508885e-02 9.287746687073975558e-04 3.539235288945338787e-02 3.184051773943371438e-02 2.786034893520703340e-02 3.088982105507229528e-02 7.690480209845269866e-02 5.265649729025968784e-02 9.800106656030420360e-03 4.000348246420998288e-02 4.894104417524514777e-02 6.498087360420264080e-02 2.924837384352497668e-02
4.399290897930136501e-01 2.045348654011353972e-03 1.120594464564437648e-01 1.689509038085721705e-03 3.852975240792252259e-02 3.412880094026367328e-02 2.271303308568431087e-02 1.993854929361390735e-02 9.170399596595504854e-02 5.683163503204541334e-02 1.571211784077402446e-02 2.408650616252203114e-02 5.542358695822667547e-02 6.136141172098537322e-02 2.384721665045268571e-02
4.653197998309658856e-01 1.482952648399511438e-03 1.234606953754856240e-01 7.951391456134526562e-04 1.485385459081488800e-02 2.090423812172450754e-02 3.513357768043847557e-02 1.835906920575277462e-02 1.104125349370766174e-01 1.738026629456041611e-02 4.887692066307279017e-03 2.166181787734815581e-02 4.644113877781329280e-02 9.398763521085486128e-02 2.491958823684399874e-02
3.362194280744624231e-01 2.506750605031291424e-03 1.448052670277233389e-01 9.614688103432078364e-04 2.513076669809636773e-02 3.577806923414285356e-02 3.711700796472022779e-02 2.349968617191140058e-02 1.421533696579520556e-01 4.610360602261257684e-02 1.373926196921267627e-02 2.890880636108833154e-02 4.468535298987626886e-02 9.157046164176763092e-02 2.682069677105908267e-02
3.109968918992507825e-01 1.973407867790058067e-03 1.077804263339108559e-01 5.588377063572780778e-04 1.900986490499585388e-02 2.874009627624862784e-02 8.118582689845008082e-02 5.711239980493185153e-02 1.108203835086949141e-01 6.859343989088841076e-02 1.942043133579597278e-02 7.077209052721714078e-02 3.522123358847063096e-02 6.219187345213170182e-02 2.562279600486566319e-02
3.102742751313944947e-01 1.629344788673619052e-03 1.042012001036676516e-01 2.076638295206139923e-03 4.373463710341333327e-02 4.743915894216661766e-02 5.014389634377727084e-02 3.161224076398910787e-02 1.305326058943280243e-01 8.368914575208194484e-02 2.855314958021899080e-02 2.992967673361911912e-02 3.273321099605099732e-02 7.611347573108061260e-02 2.733734384033193604e-02
3.585005149716282147e-01 3.432418215380020690e-03 1.389779082491675311e-01 1.194557609956421913e-03 3.123673656621272360e-02 3.257634934859770376e-02 5.592613665026398284e-02 1.512065454213329038e-02 1.127749577331229741e-01 4.805759151473270457e-02 1.750227280826891635e-02 3.529840799990995037e-02 5.094291479403544043e-02 7.279842708945402641e-02 2.566015190713565389e-02
3.755537581185172669e-01 3.365101308565848770e-03 1.136762229458592316e-01 2.115297293980482676e-03 5.776495392890381581e-02 4.571794045305777043e-02 3.137792036356987224e-02 1.695304034976306135e-02 8.366024461169378756e-02 7.359514541863131087e-02 3.203583290374774351e-02 3.206353538981093765e-02 4.223761194758861998e-02 7.181970910290755294e-02 1.806368586340230745e-02
3.491971736613385668e-01 2.481026987614713426e-03 9.900229179058260554e-02 1.988714894952588533e-03 5.447259771580928445e-02 5.008847344515464373e-02 4.372874583413654398e-02 1.595214096436748177e-02 1.127126221923221844e-01 7.197868488687897415e-02 2.882845767449764701e-02 2.955164228899109791e-02 3.723445071659205879e-02 7.772913862608843427e-02 2.505383832067284433e-02
3.431386476195908974e-01 3.154647084503055168e-03 1.250238749556936979e-01 1.952084180152475600e-03 5.425714959652429281e-02 4.639846225006732938e-02 3.544022178149606322e-02 1.317160434311796281e-02 8.991287565808184223e-02 8.171637307371623637e-02 2.974290315204472512e-02 3.080377709896520502e-02 4.914591914152694613e-02 7.143311781603856048e-02 2.470834224848049779e-02
3.944321435489318017e-01 2.238035533466407098e-03 8.467661876498636109e-02 1.843507066858151482e-03 4.147205639485356671e-02 4.852756623068171793e-02 1.892222384199792815e-02 2.151653687637063508e-02 9.114881848975955880e-02 7.023919115196884666e-02 2.339748817570436526e-02 3.151153155812665141e-02 6.266246231629471475e-02 7.412374677028144010e-02 3.328807327971750052e-02
4.117380047305491120e-01 2.806190030727782805e-03 8.103924263693308705e-02 1.962275937461588696e-03 4.962852420284012689e-02 5.092040692033785593e-02 1.413917704717402961e-02 2.116846550951006697e-02 7.774317819002686536e-02 8.560013129862217851e-02 2.827764761089092069e-02 2.664864899500367715e-02 5.532910984978012953e-02 6.436581197161433954e-02 2.863318506852792142e-02
4.208330056331366920e-01 2.510280164032513417e-03 7.866293510802041533e-02 1.546144984718959966e-03 3.962575753326495753e-02 5.131970823050654995e-02 3.172256544935294492e-02 1.603050355904894406e-02 9.251729657772173043e-02 6.175135877959513769e-02 2.296906873183305470e-02 2.601532105359056005e-02 4.229680578260676393e-02 7.705740469128037617e-02 3.514184372129010303e-02
3.556379732064595678e-01 2.550381880287842188e-03 5.921932150615892565e-02 2.148203880725782673e-03 6.169613949755106685e-02 6.425317640851210821e-02 2.326802842286790005e-02 2.844901493109843610e-02 7.655508680128084165e-02 1.101410520062250931e-01 3.432935028828176111e-02 3.289235576619518875e-02 4.419100844661831562e-02 7.326982215998469050e-02 3.139908479775261468e-02
4.440858956703417348e-01 9.562106613640642978e-04 4.250187871996747441e-02 2.063307711629915487e-03 5.943845738349447932e-02 6.197201472998994237e-02 1.370249049777802139e-02 2.303152365325475404e-02 4.812821958097153463e-02 1.131994373270448911e-01 3.252738308428563402e-02 3.198651246066245429e-02 3.220853810964195013e-02 6.779755340027526778e-02 2.640057700929765439e-02
3.139988212690039138e-01 1.896262661250864732e-03 1.016176308891527102e-01 6.862730527375498352e-04 6.343592771375425321e-02 1.989191331287483780e-02 1.422699042150989135e-01 4.502895915576506092e-02 1.237137817875539891e-01 9.639551538768426076e-02 7.698894210862504070e-03 5.589193448979154315e-03 3.350209202728534480e-02 2.315515502575516207e-02 2.111967584224118746e-02
4.373623561281690941e-01 3.184094607626860446e-03 4.927477570578946142e-02 1.128999141387585338e-03 3.449334767663703866e-02 6.316467497156158517e-02 2.138587976283995787e-02 3.225047912020949370e-02 5.963073348062770257e-02 7.443002720924227211e-02 2.420614715240304235e-02 4.074659474364730055e-02 2.612422551771266185e-02 9.225887911582378309e-02 4.035878566632195713e-02
4.847624352575597984e-01 2.636133477972525847e-03 8.325799877399384097e-02 1.218482766841253806e-03 2.161746399264511537e-02 3.171272598903659284e-02 3.191755005217172120e-02 3.417633627606025265e-02 3.706194664866542532e-02 4.795547577007615303e-02 1.194189682736520111e-02 1.469675405727004225e-02 4.753703625134082789e-02 1.062950369978172965e-01 4.321272686118366596e-02
4.307013159763785071e-01 2.320521099035885697e-03 7.408235793557094162e-02 1.548409034790460383e-03 1.662004334727015809e-02 4.138070800455379006e-02 6.646076182738570870e-02 5.373417801942763361e-02 6.533499680479440408e-02 5.583942902389391061e-02 1.534948039954707293e-02 3.683164744021332621e-02 4.425893248829105425e-02 5.809762481926623867e-02 3.743959377958065715e-02
4.684775043978801068e-01 2.779091137781184492e-03 5.701869672433325376e-02 1.791184246977292702e-03 1.425719605303463547e-02 4.262120974748825203e-02 6.014229626947268509e-02 5.127044371998857458e-02 7.775321184292537102e-02 3.716819509320814369e-02 1.118987752585602451e-02 3.276691069043911192e-02 3.966819817907814294e-02 6.507816798787487145e-02 3.801781638366205640e-02
3.431039855443107078e-01 2.875732966169603291e-03 4.219499157221623387e-02 1.998401473581437864e-03 2.648727124820013032e-02 5.178494860608649081e-02 7.696905443273656389e-02 6.966336018693217169e-02 8.596626377718041834e-02 6.687071861710562615e-02 2.931532959609731842e-02 8.095330503260278476e-02 3.773238944016133606e-02 5.107929854003320780e-02 3.300494896658584532e-02
3.656368092886708165e-01 6.502078976743814846e-03 6.717119568411303310e-02 8.743128971368218901e-04 2.105683060609560980e-02 5.414468577821689860e-02 6.416971920214924185e-02 5.947488904867546944e-02 9.143297928134844210e-02 3.939353421921011622e-02 2.273080155304105232e-02 7.244403914547790924e-02 3.786343369318929258e-02 5.712362857285737533e-02 3.998106205307381394e-02
4.233919684628157376e-01 4.259277717792224645e-03 6.454761023736532710e-02 2.002126289386697237e-03 3.597864141476374983e-02 4.890875823825192870e-02 4.745124286706384892e-02 4.884704665735002671e-02 6.770691093665662241e-02 5.389214197740973405e-02 2.533009608891084383e-02 6.921757695414561262e-02 3.719779376290965195e-02 4.857024339496829324e-02 2.269856500020940235e-02
3.664763652773648794e-01 5.939285404319075493e-03 8.166191614141260491e-02 2.199605047993922081e-03 4.504295416666114632e-02 4.347756520016024528e-02 6.372204554310501035e-02 4.745284501379967712e-02 8.990306407795514709e-02 7.204914433413857344e-02 2.456154213297375224e-02 4.124291150713758208e-02 3.626631987567915938e-02 5.273702133511238427e-02 2.726741494218641246e-02
3.216423159447427960e-01 3.133316342086201519e-03 6.744819283486430672e-02 1.971619128100553144e-03 3.936633586868222567e-02 4.071611531105900211e-02 1.071144236471330002e-01 5.416925790141096514e-02 1.087953293443484487e-01 7.571286836555625455e-02 2.062130760936135843e-02 5.326669078533487894e-02 3.822220943943280963e-02 3.595586525265906386e-02 3.186415222522799573e-02
3.751822915582798124e-01 2.412866337919397381e-03 5.400375592483598608e-02 1.659453187718320675e-03 4.790848803028716074e-02 5.479099234170689559e-02 7.551907644377389706e-02 4.367781466757264530e-02 1.042014837104442843e-01 6.531544599022753861e-02 1.984611771233977390e-02 6.915261823998981872e-02 2.396978050617833145e-02 3.468366651351956209e-02 2.767614883520645719e-02
