0.017647 0.001961 0.052941 0.017647 0.001961 0.001961 0.033333 0.001961 0.001961 0.001961 0.001961 0.264706 0.052941 0.001961 0.013725 0.111765 0.088235 0.001961 0.001961 0.025490 0.013725 0.001961 0.001961 0.045098 0.009804 0.005882 0.009804 0.033333 0.025490 0.154902
0.056863 0.001961 0.045098 0.013725 0.029412 0.005882 0.005882 0.005882 0.060784 0.001961 0.045098 0.005882 0.080392 0.005882 0.037255 0.076471 0.029412 0.029412 0.001961 0.135294 0.017647 0.037255 0.009804 0.100000 0.009804 0.056863 0.021569 0.021569 0.045098 0.005882
0.001961 0.001961 0.001961 0.021569 0.041176 0.001961 0.041176 0.068627 0.001961 0.005882 0.013725 0.009804 0.005882 0.150980 0.005882 0.001961 0.021569 0.131373 0.017647 0.009804 0.037255 0.080392 0.017647 0.045098 0.013725 0.084314 0.076471 0.005882 0.005882 0.076471
0.021569 0.056863 0.033333 0.041176 0.001961 0.068627 0.001961 0.001961 0.060784 0.001961 0.005882 0.001961 0.025490 0.001961 0.025490 0.174510 0.013725 0.001961 0.021569 0.017647 0.045098 0.001961 0.088235 0.033333 0.060784 0.001961 0.017647 0.060784 0.072549 0.037255
0.021569 0.013725 0.009804 0.001961 0.009804 0.021569 0.025490 0.025490 0.013725 0.001961 0.001961 0.001961 0.021569 0.001961 0.013725 0.005882 0.021569 0.021569 0.033333 0.001961 0.001961 0.001961 0.009804 0.500000 0.025490 0.092157 0.045098 0.017647 0.025490 0.009804
0.017647 0.021569 0.001961 0.237255 0.143137 0.017647 0.052941 0.001961 0.001961 0.001961 0.056863 0.001961 0.025490 0.009804 0.001961 0.001961 0.001961 0.001961 0.217647 0.021569 0.009804 0.017647 0.017647 0.025490 0.001961 0.001961 0.029412 0.041176 0.005882 0.009804
0.154902 0.052941 0.029412 0.021569 0.001961 0.001961 0.009804 0.096078 0.009804 0.001961 0.001961 0.029412 0.013725 0.005882 0.064706 0.025490 0.001961 0.056863 0.037255 0.029412 0.001961 0.017647 0.135294 0.045098 0.052941 0.013725 0.001961 0.009804 0.037255 0.037255
0.292157 0.029412 0.017647 0.001961 0.001961 0.009804 0.001961 0.052941 0.001961 0.001961 0.021569 0.025490 0.001961 0.154902 0.021569 0.005882 0.009804 0.005882 0.013725 0.001961 0.025490 0.052941 0.009804 0.001961 0.001961 0.147059 0.001961 0.001961 0.021569 0.060784
0.001961 0.021569 0.001961 0.021569 0.005882 0.001961 0.056863 0.005882 0.017647 0.041176 0.001961 0.103922 0.092157 0.009804 0.001961 0.017647 0.139216 0.001961 0.037255 0.021569 0.166667 0.005882 0.064706 0.021569 0.001961 0.001961 0.001961 0.123529 0.005882 0.001961
0.001961 0.037255 0.001961 0.049020 0.021569 0.100000 0.001961 0.005882 0.001961 0.005882 0.045098 0.245098 0.001961 0.045098 0.072549 0.064706 0.021569 0.029412 0.001961 0.001961 0.001961 0.005882 0.025490 0.001961 0.001961 0.025490 0.009804 0.056863 0.049020 0.064706
0.005882 0.017647 0.186275 0.009804 0.001961 0.013725 0.056863 0.001961 0.005882 0.013725 0.033333 0.017647 0.056863 0.021569 0.009804 0.064706 0.088235 0.017647 0.068627 0.033333 0.064706 0.001961 0.045098 0.084314 0.013725 0.005882 0.001961 0.052941 0.001961 0.001961
0.021569 0.001961 0.013725 0.021569 0.143137 0.005882 0.001961 0.005882 0.088235 0.001961 0.147059 0.013725 0.001961 0.029412 0.103922 0.013725 0.001961 0.005882 0.041176 0.009804 0.005882 0.001961 0.037255 0.013725 0.170588 0.017647 0.025490 0.005882 0.041176 0.005882
0.029412 0.013725 0.001961 0.060784 0.033333 0.041176 0.049020 0.001961 0.009804 0.017647 0.033333 0.013725 0.001961 0.005882 0.029412 0.029412 0.005882 0.060784 0.076471 0.060784 0.001961 0.005882 0.001961 0.021569 0.001961 0.045098 0.033333 0.001961 0.256863 0.052941
0.005882 0.100000 0.092157 0.021569 0.052941 0.001961 0.005882 0.005882 0.021569 0.001961 0.001961 0.001961 0.001961 0.056863 0.001961 0.033333 0.009804 0.001961 0.005882 0.060784 0.005882 0.025490 0.001961 0.300000 0.103922 0.001961 0.005882 0.045098 0.021569 0.001961
0.154902 0.041176 0.005882 0.017647 0.013725 0.064706 0.041176 0.001961 0.013725 0.001961 0.005882 0.013725 0.041176 0.049020 0.001961 0.056863 0.001961 0.064706 0.068627 0.013725 0.013725 0.005882 0.017647 0.107843 0.021569 0.005882 0.009804 0.005882 0.037255 0.100000
0.001961 0.111765 0.076471 0.052941 0.005882 0.001961 0.029412 0.009804 0.001961 0.001961 0.449020 0.001961 0.001961 0.001961 0.049020 0.001961 0.001961 0.001961 0.001961 0.029412 0.001961 0.001961 0.052941 0.005882 0.017647 0.001961 0.001961 0.009804 0.001961 0.068627
0.001961 0.013725 0.001961 0.009804 0.005882 0.017647 0.017647 0.080392 0.009804 0.005882 0.084314 0.005882 0.084314 0.005882 0.009804 0.013725 0.072549 0.045098 0.060784 0.005882 0.025490 0.092157 0.001961 0.001961 0.029412 0.037255 0.139216 0.005882 0.041176 0.072549
0.001961 0.107843 0.021569 0.009804 0.005882 0.005882 0.017647 0.001961 0.025490 0.001961 0.049020 0.025490 0.350980 0.029412 0.013725 0.005882 0.001961 0.001961 0.068627 0.005882 0.009804 0.013725 0.009804 0.009804 0.052941 0.001961 0.100000 0.037255 0.009804 0.001961
0.001961 0.001961 0.088235 0.005882 0.017647 0.033333 0.080392 0.033333 0.005882 0.080392 0.139216 0.005882 0.013725 0.237255 0.001961 0.001961 0.001961 0.001961 0.005882 0.001961 0.009804 0.001961 0.001961 0.025490 0.001961 0.049020 0.029412 0.001961 0.115686 0.001961
0.033333 0.021569 0.021569 0.080392 0.068627 0.005882 0.052941 0.005882 0.037255 0.005882 0.021569 0.013725 0.080392 0.001961 0.049020 0.092157 0.001961 0.001961 0.001961 0.096078 0.005882 0.143137 0.001961 0.001961 0.107843 0.001961 0.001961 0.005882 0.005882 0.029412
0.009804 0.029412 0.158824 0.045098 0.021569 0.001961 0.001961 0.001961 0.029412 0.068627 0.009804 0.001961 0.009804 0.009804 0.009804 0.005882 0.045098 0.060784 0.017647 0.001961 0.001961 0.033333 0.049020 0.013725 0.154902 0.021569 0.100000 0.072549 0.009804 0.001961
0.009804 0.025490 0.001961 0.025490 0.005882 0.001961 0.001961 0.052941 0.009804 0.001961 0.001961 0.009804 0.096078 0.001961 0.068627 0.033333 0.221569 0.005882 0.013725 0.005882 0.084314 0.021569 0.005882 0.001961 0.052941 0.064706 0.045098 0.033333 0.092157 0.001961
0.068627 0.001961 0.017647 0.001961 0.005882 0.017647 0.009804 0.100000 0.017647 0.025490 0.013725 0.001961 0.001961 0.005882 0.021569 0.264706 0.013725 0.017647 0.233333 0.001961 0.001961 0.021569 0.001961 0.001961 0.076471 0.021569 0.021569 0.001961 0.001961 0.005882
0.009804 0.013725 0.033333 0.045098 0.021569 0.013725 0.021569 0.025490 0.001961 0.096078 0.009804 0.001961 0.005882 0.013725 0.001961 0.001961 0.033333 0.001961 0.037255 0.005882 0.221569 0.009804 0.009804 0.013725 0.001961 0.025490 0.001961 0.001961 0.072549 0.245098
0.064706 0.017647 0.080392 0.190196 0.103922 0.029412 0.021569 0.021569 0.005882 0.001961 0.029412 0.009804 0.013725 0.001961 0.045098 0.005882 0.001961 0.029412 0.021569 0.001961 0.221569 0.001961 0.017647 0.005882 0.005882 0.009804 0.001961 0.029412 0.001961 0.005882
0.001961 0.009804 0.001961 0.009804 0.013725 0.013725 0.076471 0.021569 0.009804 0.045098 0.049020 0.001961 0.119608 0.017647 0.025490 0.096078 0.001961 0.001961 0.021569 0.009804 0.060784 0.009804 0.001961 0.037255 0.037255 0.005882 0.001961 0.225490 0.025490 0.045098
0.005882 0.005882 0.009804 0.045098 0.017647 0.013725 0.025490 0.001961 0.017647 0.037255 0.037255 0.001961 0.013725 0.037255 0.013725 0.005882 0.009804 0.021569 0.009804 0.366667 0.005882 0.013725 0.088235 0.068627 0.017647 0.001961 0.001961 0.045098 0.056863 0.001961
0.009804 0.178431 0.021569 0.037255 0.021569 0.001961 0.068627 0.001961 0.009804 0.009804 0.017647 0.005882 0.001961 0.005882 0.115686 0.001961 0.005882 0.009804 0.025490 0.001961 0.013725 0.001961 0.001961 0.103922 0.131373 0.119608 0.005882 0.013725 0.009804 0.045098
0.017647 0.139216 0.103922 0.041176 0.025490 0.029412 0.013725 0.068627 0.017647 0.103922 0.001961 0.005882 0.001961 0.009804 0.001961 0.009804 0.170588 0.005882 0.009804 0.009804 0.005882 0.033333 0.001961 0.049020 0.013725 0.001961 0.052941 0.029412 0.009804 0.013725
0.005882 0.005882 0.001961 0.005882 0.001961 0.119608 0.072549 0.045098 0.001961 0.009804 0.001961 0.013725 0.001961 0.001961 0.021569 0.052941 0.013725 0.398039 0.021569 0.001961 0.021569 0.001961 0.064706 0.005882 0.041176 0.017647 0.009804 0.001961 0.025490 0.009804
0.001961 0.005882 0.045098 0.021569 0.001961 0.025490 0.009804 0.001961 0.190196 0.013725 0.009804 0.001961 0.096078 0.009804 0.025490 0.009804 0.005882 0.037255 0.013725 0.041176 0.072549 0.013725 0.005882 0.037255 0.049020 0.005882 0.029412 0.013725 0.029412 0.174510
0.076471 0.103922 0.072549 0.052941 0.005882 0.001961 0.013725 0.021569 0.041176 0.064706 0.111765 0.001961 0.009804 0.037255 0.001961 0.005882 0.029412 0.005882 0.037255 0.052941 0.013725 0.009804 0.021569 0.005882 0.001961 0.001961 0.005882 0.135294 0.005882 0.049020
0.064706 0.001961 0.005882 0.021569 0.005882 0.001961 0.296078 0.005882 0.013725 0.072549 0.072549 0.001961 0.021569 0.135294 0.025490 0.001961 0.033333 0.001961 0.045098 0.005882 0.025490 0.013725 0.001961 0.021569 0.005882 0.041176 0.017647 0.005882 0.029412 0.001961
0.080392 0.025490 0.017647 0.005882 0.013725 0.033333 0.009804 0.100000 0.198039 0.017647 0.009804 0.056863 0.001961 0.001961 0.064706 0.001961 0.013725 0.021569 0.009804 0.037255 0.001961 0.100000 0.096078 0.001961 0.033333 0.005882 0.001961 0.001961 0.001961 0.033333
0.001961 0.001961 0.021569 0.001961 0.060784 0.013725 0.013725 0.005882 0.029412 0.009804 0.005882 0.107843 0.001961 0.001961 0.001961 0.001961 0.001961 0.041176 0.072549 0.064706 0.045098 0.009804 0.009804 0.201961 0.029412 0.017647 0.005882 0.178431 0.033333 0.005882
0.017647 0.001961 0.017647 0.001961 0.005882 0.072549 0.001961 0.029412 0.084314 0.005882 0.009804 0.001961 0.021569 0.037255 0.049020 0.029412 0.001961 0.005882 0.198039 0.056863 0.013725 0.064706 0.025490 0.029412 0.001961 0.009804 0.017647 0.166667 0.001961 0.017647
0.017647 0.001961 0.111765 0.005882 0.013725 0.009804 0.052941 0.001961 0.029412 0.060784 0.017647 0.001961 0.001961 0.056863 0.033333 0.009804 0.025490 0.068627 0.052941 0.009804 0.009804 0.033333 0.001961 0.005882 0.013725 0.005882 0.319608 0.005882 0.005882 0.013725
0.049020 0.076471 0.001961 0.001961 0.001961 0.013725 0.068627 0.029412 0.017647 0.041176 0.143137 0.009804 0.025490 0.013725 0.033333 0.005882 0.005882 0.056863 0.119608 0.001961 0.029412 0.005882 0.009804 0.005882 0.037255 0.005882 0.143137 0.005882 0.029412 0.009804
0.001961 0.049020 0.013725 0.037255 0.005882 0.001961 0.017647 0.005882 0.025490 0.025490 0.009804 0.029412 0.005882 0.021569 0.017647 0.001961 0.319608 0.045098 0.033333 0.088235 0.037255 0.033333 0.076471 0.025490 0.001961 0.005882 0.005882 0.017647 0.013725 0.025490
0.005882 0.115686 0.001961 0.001961 0.001961 0.119608 0.013725 0.021569 0.052941 0.001961 0.013725 0.013725 0.013725 0.021569 0.001961 0.323529 0.037255 0.017647 0.009804 0.017647 0.005882 0.045098 0.005882 0.021569 0.017647 0.013725 0.009804 0.013725 0.001961 0.056863
0.025490 0.009804 0.417647 0.005882 0.001961 0.001961 0.001961 0.009804 0.001961 0.041176 0.005882 0.005882 0.029412 0.005882 0.080392 0.045098 0.001961 0.001961 0.060784 0.001961 0.009804 0.001961 0.001961 0.064706 0.052941 0.001961 0.033333 0.009804 0.001961 0.064706
0.041176 0.009804 0.001961 0.009804 0.041176 0.005882 0.009804 0.021569 0.009804 0.154902 0.005882 0.064706 0.049020 0.005882 0.045098 0.001961 0.009804 0.084314 0.001961 0.009804 0.096078 0.009804 0.037255 0.013725 0.198039 0.001961 0.017647 0.013725 0.021569 0.005882
0.056863 0.005882 0.037255 0.001961 0.001961 0.001961 0.013725 0.001961 0.001961 0.001961 0.001961 0.049020 0.001961 0.005882 0.001961 0.100000 0.158824 0.017647 0.033333 0.068627 0.033333 0.001961 0.029412 0.080392 0.033333 0.009804 0.001961 0.001961 0.233333 0.009804
0.017647 0.037255 0.056863 0.001961 0.005882 0.005882 0.005882 0.009804 0.001961 0.001961 0.060784 0.100000 0.029412 0.056863 0.009804 0.025490 0.009804 0.005882 0.041176 0.001961 0.131373 0.045098 0.080392 0.001961 0.001961 0.076471 0.033333 0.103922 0.009804 0.029412
0.080392 0.005882 0.001961 0.013725 0.001961 0.001961 0.001961 0.009804 0.001961 0.190196 0.084314 0.001961 0.001961 0.017647 0.001961 0.009804 0.064706 0.209804 0.001961 0.001961 0.029412 0.001961 0.056863 0.017647 0.060784 0.001961 0.009804 0.013725 0.001961 0.100000
0.001961 0.009804 0.013725 0.025490 0.005882 0.005882 0.001961 0.005882 0.131373 0.005882 0.052941 0.001961 0.001961 0.001961 0.049020 0.017647 0.001961 0.060784 0.186275 0.205882 0.072549 0.033333 0.005882 0.025490 0.005882 0.037255 0.005882 0.009804 0.005882 0.009804
0.005882 0.041176 0.021569 0.001961 0.013725 0.005882 0.033333 0.001961 0.103922 0.009804 0.029412 0.049020 0.045098 0.139216 0.111765 0.001961 0.001961 0.080392 0.009804 0.017647 0.001961 0.080392 0.001961 0.096078 0.041176 0.001961 0.009804 0.013725 0.009804 0.017647
0.001961 0.001961 0.029412 0.154902 0.009804 0.041176 0.064706 0.037255 0.001961 0.013725 0.001961 0.009804 0.100000 0.049020 0.005882 0.025490 0.147059 0.025490 0.009804 0.123529 0.021569 0.009804 0.001961 0.017647 0.013725 0.001961 0.029412 0.001961 0.041176 0.005882
0.033333 0.166667 0.001961 0.041176 0.001961 0.029412 0.001961 0.076471 0.001961 0.068627 0.009804 0.111765 0.119608 0.033333 0.013725 0.103922 0.029412 0.001961 0.001961 0.005882 0.017647 0.005882 0.009804 0.005882 0.005882 0.037255 0.017647 0.009804 0.033333 0.001961
0.033333 0.115686 0.001961 0.001961 0.009804 0.001961 0.300000 0.029412 0.005882 0.096078 0.037255 0.041176 0.001961 0.017647 0.033333 0.017647 0.005882 0.001961 0.001961 0.021569 0.001961 0.049020 0.001961 0.115686 0.005882 0.001961 0.001961 0.005882 0.029412 0.009804
0.013725 0.068627 0.021569 0.005882 0.001961 0.029412 0.013725 0.005882 0.052941 0.001961 0.005882 0.005882 0.005882 0.033333 0.060784 0.076471 0.056863 0.017647 0.009804 0.001961 0.033333 0.088235 0.021569 0.021569 0.005882 0.013725 0.268627 0.045098 0.005882 0.005882
0.005882 0.005882 0.005882 0.029412 0.025490 0.045098 0.049020 0.084314 0.013725 0.001961 0.033333 0.013725 0.056863 0.052941 0.001961 0.056863 0.154902 0.029412 0.045098 0.084314 0.001961 0.166667 0.005882 0.005882 0.001961 0.013725 0.001961 0.001961 0.001961 0.001961
0.033333 0.009804 0.013725 0.005882 0.021569 0.080392 0.001961 0.037255 0.013725 0.001961 0.013725 0.001961 0.037255 0.005882 0.005882 0.001961 0.013725 0.041176 0.229412 0.001961 0.037255 0.100000 0.009804 0.001961 0.013725 0.174510 0.029412 0.001961 0.013725 0.045098
0.025490 0.025490 0.013725 0.001961 0.005882 0.001961 0.049020 0.033333 0.017647 0.009804 0.005882 0.001961 0.025490 0.045098 0.005882 0.005882 0.005882 0.017647 0.005882 0.001961 0.001961 0.005882 0.037255 0.001961 0.041176 0.021569 0.041176 0.072549 0.001961 0.468627
0.021569 0.017647 0.001961 0.017647 0.017647 0.009804 0.001961 0.029412 0.045098 0.037255 0.001961 0.084314 0.049020 0.009804 0.060784 0.017647 0.103922 0.001961 0.001961 0.001961 0.111765 0.080392 0.013725 0.001961 0.005882 0.001961 0.162745 0.060784 0.013725 0.013725
0.001961 0.005882 0.005882 0.021569 0.021569 0.131373 0.009804 0.013725 0.029412 0.001961 0.005882 0.009804 0.005882 0.001961 0.001961 0.037255 0.017647 0.005882 0.017647 0.009804 0.001961 0.037255 0.052941 0.021569 0.029412 0.350980 0.009804 0.021569 0.001961 0.115686
0.009804 0.009804 0.088235 0.005882 0.029412 0.005882 0.017647 0.009804 0.001961 0.033333 0.009804 0.013725 0.041176 0.009804 0.009804 0.013725 0.005882 0.009804 0.072549 0.449020 0.005882 0.029412 0.025490 0.025490 0.001961 0.001961 0.045098 0.001961 0.001961 0.013725
0.052941 0.001961 0.041176 0.029412 0.056863 0.001961 0.001961 0.009804 0.052941 0.029412 0.033333 0.005882 0.001961 0.001961 0.001961 0.001961 0.001961 0.033333 0.001961 0.001961 0.001961 0.009804 0.154902 0.052941 0.260784 0.056863 0.001961 0.072549 0.013725 0.009804
0.013725 0.001961 0.001961 0.009804 0.315686 0.001961 0.001961 0.068627 0.001961 0.017647 0.001961 0.025490 0.001961 0.135294 0.001961 0.017647 0.005882 0.009804 0.005882 0.001961 0.005882 0.013725 0.001961 0.162745 0.111765 0.005882 0.005882 0.009804 0.037255 0.001961
0.005882 0.088235 0.037255 0.033333 0.017647 0.005882 0.021569 0.029412 0.005882 0.001961 0.001961 0.068627 0.072549 0.001961 0.001961 0.049020 0.186275 0.103922 0.037255 0.025490 0.013725 0.029412 0.056863 0.021569 0.029412 0.001961 0.013725 0.001961 0.021569 0.013725
0.001961 0.009804 0.001961 0.033333 0.017647 0.088235 0.017647 0.064706 0.029412 0.001961 0.021569 0.362745 0.001961 0.029412 0.001961 0.045098 0.115686 0.001961 0.005882 0.001961 0.001961 0.021569 0.005882 0.001961 0.013725 0.001961 0.017647 0.049020 0.017647 0.013725
0.005882 0.001961 0.096078 0.060784 0.001961 0.029412 0.103922 0.037255 0.001961 0.037255 0.009804 0.017647 0.013725 0.001961 0.001961 0.001961 0.005882 0.033333 0.088235 0.005882 0.001961 0.021569 0.021569 0.209804 0.001961 0.068627 0.037255 0.001961 0.060784 0.017647
0.005882 0.021569 0.052941 0.005882 0.005882 0.029412 0.060784 0.049020 0.001961 0.088235 0.001961 0.088235 0.005882 0.005882 0.001961 0.060784 0.088235 0.017647 0.001961 0.017647 0.147059 0.064706 0.041176 0.001961 0.029412 0.009804 0.021569 0.041176 0.029412 0.001961
0.017647 0.001961 0.001961 0.037255 0.021569 0.037255 0.009804 0.001961 0.029412 0.001961 0.005882 0.005882 0.060784 0.150980 0.009804 0.005882 0.001961 0.029412 0.060784 0.064706 0.052941 0.033333 0.013725 0.025490 0.001961 0.029412 0.001961 0.209804 0.056863 0.017647
0.001961 0.060784 0.001961 0.005882 0.021569 0.001961 0.001961 0.009804 0.049020 0.001961 0.005882 0.001961 0.001961 0.013725 0.005882 0.001961 0.005882 0.029412 0.260784 0.029412 0.033333 0.060784 0.001961 0.339216 0.001961 0.005882 0.005882 0.013725 0.005882 0.017647
0.001961 0.045098 0.017647 0.209804 0.009804 0.009804 0.049020 0.017647 0.056863 0.001961 0.107843 0.068627 0.001961 0.009804 0.119608 0.005882 0.021569 0.017647 0.001961 0.001961 0.001961 0.001961 0.005882 0.001961 0.009804 0.072549 0.072549 0.001961 0.037255 0.017647
0.233333 0.029412 0.076471 0.001961 0.005882 0.025490 0.033333 0.037255 0.045098 0.001961 0.001961 0.001961 0.001961 0.001961 0.005882 0.013725 0.147059 0.021569 0.049020 0.072549 0.001961 0.017647 0.001961 0.068627 0.013725 0.056863 0.017647 0.001961 0.005882 0.005882
0.468627 0.029412 0.056863 0.049020 0.017647 0.009804 0.001961 0.056863 0.013725 0.005882 0.021569 0.009804 0.021569 0.001961 0.021569 0.001961 0.005882 0.001961 0.001961 0.001961 0.005882 0.005882 0.005882 0.025490 0.013725 0.045098 0.041176 0.045098 0.001961 0.009804
0.001961 0.001961 0.017647 0.001961 0.009804 0.241176 0.029412 0.068627 0.084314 0.005882 0.005882 0.076471 0.001961 0.005882 0.021569 0.001961 0.052941 0.033333 0.021569 0.001961 0.005882 0.001961 0.001961 0.005882 0.029412 0.001961 0.001961 0.170588 0.001961 0.092157
0.001961 0.025490 0.060784 0.072549 0.001961 0.001961 0.021569 0.068627 0.025490 0.009804 0.147059 0.001961 0.017647 0.009804 0.017647 0.084314 0.001961 0.005882 0.158824 0.001961 0.064706 0.045098 0.001961 0.029412 0.005882 0.005882 0.001961 0.017647 0.072549 0.017647
0.013725 0.092157 0.174510 0.056863 0.080392 0.009804 0.005882 0.096078 0.001961 0.017647 0.005882 0.017647 0.001961 0.017647 0.041176 0.072549 0.052941 0.001961 0.021569 0.005882 0.013725 0.092157 0.009804 0.017647 0.013725 0.013725 0.025490 0.021569 0.001961 0.001961
0.001961 0.009804 0.119608 0.021569 0.001961 0.045098 0.001961 0.009804 0.001961 0.017647 0.009804 0.001961 0.033333 0.115686 0.131373 0.001961 0.060784 0.009804 0.041176 0.017647 0.021569 0.001961 0.021569 0.001961 0.205882 0.033333 0.045098 0.001961 0.005882 0.005882
0.049020 0.009804 0.001961 0.001961 0.005882 0.001961 0.009804 0.001961 0.005882 0.052941 0.005882 0.049020 0.005882 0.021569 0.072549 0.013725 0.009804 0.033333 0.131373 0.001961 0.001961 0.005882 0.001961 0.017647 0.013725 0.041176 0.209804 0.009804 0.198039 0.013725
0.005882 0.260784 0.001961 0.005882 0.001961 0.001961 0.033333 0.001961 0.017647 0.119608 0.013725 0.009804 0.005882 0.001961 0.025490 0.001961 0.190196 0.001961 0.013725 0.009804 0.049020 0.072549 0.001961 0.037255 0.001961 0.033333 0.001961 0.045098 0.017647 0.013725
0.123529 0.001961 0.001961 0.001961 0.088235 0.068627 0.064706 0.041176 0.009804 0.001961 0.103922 0.009804 0.158824 0.001961 0.045098 0.017647 0.001961 0.001961 0.005882 0.013725 0.001961 0.001961 0.013725 0.005882 0.017647 0.001961 0.049020 0.009804 0.001961 0.131373
0.017647 0.005882 0.001961 0.001961 0.013725 0.001961 0.041176 0.025490 0.025490 0.005882 0.182353 0.076471 0.001961 0.068627 0.001961 0.021569 0.005882 0.045098 0.029412 0.080392 0.013725 0.076471 0.001961 0.029412 0.001961 0.001961 0.001961 0.029412 0.170588 0.017647
0.001961 0.021569 0.052941 0.001961 0.001961 0.005882 0.056863 0.017647 0.056863 0.001961 0.001961 0.001961 0.041176 0.005882 0.296078 0.005882 0.001961 0.021569 0.119608 0.025490 0.001961 0.103922 0.013725 0.001961 0.001961 0.060784 0.013725 0.052941 0.005882 0.001961
0.029412 0.021569 0.017647 0.013725 0.001961 0.013725 0.005882 0.025490 0.029412 0.017647 0.001961 0.088235 0.237255 0.001961 0.049020 0.017647 0.056863 0.143137 0.005882 0.029412 0.025490 0.013725 0.001961 0.005882 0.017647 0.021569 0.056863 0.041176 0.005882 0.001961
0.033333 0.005882 0.005882 0.045098 0.005882 0.001961 0.045098 0.052941 0.001961 0.021569 0.009804 0.001961 0.009804 0.127451 0.013725 0.009804 0.017647 0.033333 0.139216 0.013725 0.076471 0.005882 0.013725 0.025490 0.123529 0.080392 0.037255 0.009804 0.005882 0.025490
0.033333 0.009804 0.001961 0.001961 0.131373 0.084314 0.174510 0.001961 0.064706 0.033333 0.001961 0.009804 0.013725 0.001961 0.001961 0.005882 0.001961 0.049020 0.001961 0.005882 0.017647 0.001961 0.021569 0.186275 0.005882 0.005882 0.080392 0.017647 0.001961 0.029412
0.056863 0.068627 0.001961 0.029412 0.001961 0.001961 0.100000 0.209804 0.009804 0.052941 0.001961 0.005882 0.025490 0.001961 0.001961 0.009804 0.005882 0.037255 0.005882 0.017647 0.052941 0.005882 0.001961 0.041176 0.005882 0.064706 0.060784 0.049020 0.068627 0.001961
0.009804 0.001961 0.009804 0.088235 0.080392 0.123529 0.076471 0.009804 0.005882 0.017647 0.041176 0.143137 0.052941 0.068627 0.013725 0.001961 0.001961 0.001961 0.001961 0.001961 0.001961 0.009804 0.009804 0.001961 0.045098 0.025490 0.013725 0.033333 0.052941 0.052941
0.009804 0.009804 0.005882 0.052941 0.013725 0.005882 0.056863 0.001961 0.005882 0.033333 0.001961 0.005882 0.103922 0.009804 0.017647 0.001961 0.045098 0.029412 0.268627 0.088235 0.096078 0.009804 0.009804 0.045098 0.009804 0.009804 0.025490 0.009804 0.001961 0.013725
0.005882 0.135294 0.001961 0.103922 0.005882 0.029412 0.001961 0.021569 0.001961 0.009804 0.049020 0.013725 0.005882 0.001961 0.021569 0.001961 0.001961 0.037255 0.005882 0.049020 0.001961 0.013725 0.005882 0.005882 0.001961 0.001961 0.017647 0.013725 0.017647 0.413725
0.009804 0.029412 0.001961 0.041176 0.013725 0.041176 0.001961 0.001961 0.107843 0.033333 0.001961 0.029412 0.080392 0.076471 0.005882 0.021569 0.009804 0.045098 0.001961 0.005882 0.178431 0.049020 0.088235 0.005882 0.025490 0.049020 0.009804 0.001961 0.001961 0.029412
0.001961 0.037255 0.021569 0.001961 0.013725 0.127451 0.013725 0.013725 0.049020 0.009804 0.001961 0.009804 0.013725 0.052941 0.005882 0.013725 0.041176 0.021569 0.013725 0.260784 0.013725 0.025490 0.021569 0.013725 0.005882 0.001961 0.001961 0.147059 0.013725 0.029412
0.021569 0.001961 0.005882 0.025490 0.041176 0.029412 0.005882 0.127451 0.005882 0.013725 0.052941 0.001961 0.049020 0.013725 0.005882 0.001961 0.001961 0.147059 0.013725 0.245098 0.017647 0.001961 0.001961 0.005882 0.001961 0.041176 0.037255 0.001961 0.021569 0.056863
0.045098 0.013725 0.021569 0.060784 0.049020 0.009804 0.001961 0.001961 0.001961 0.033333 0.009804 0.001961 0.080392 0.064706 0.001961 0.021569 0.056863 0.194118 0.009804 0.001961 0.021569 0.013725 0.150980 0.013725 0.001961 0.001961 0.001961 0.041176 0.068627 0.001961
0.056863 0.005882 0.025490 0.013725 0.060784 0.009804 0.025490 0.060784 0.037255 0.001961 0.186275 0.001961 0.009804 0.009804 0.009804 0.001961 0.001961 0.009804 0.001961 0.001961 0.009804 0.013725 0.009804 0.060784 0.150980 0.021569 0.150980 0.013725 0.021569 0.013725
0.084314 0.088235 0.017647 0.025490 0.001961 0.013725 0.233333 0.017647 0.072549 0.009804 0.001961 0.001961 0.017647 0.013725 0.009804 0.052941 0.005882 0.127451 0.005882 0.005882 0.005882 0.017647 0.001961 0.064706 0.037255 0.005882 0.013725 0.017647 0.025490 0.001961
0.001961 0.001961 0.119608 0.005882 0.001961 0.068627 0.049020 0.013725 0.005882 0.021569 0.005882 0.260784 0.001961 0.021569 0.005882 0.029412 0.037255 0.001961 0.009804 0.001961 0.009804 0.076471 0.017647 0.017647 0.150980 0.001961 0.045098 0.009804 0.001961 0.001961
0.025490 0.049020 0.049020 0.009804 0.025490 0.033333 0.005882 0.080392 0.017647 0.001961 0.068627 0.005882 0.084314 0.033333 0.009804 0.009804 0.025490 0.001961 0.009804 0.025490 0.150980 0.084314 0.147059 0.001961 0.005882 0.009804 0.001961 0.013725 0.001961 0.009804
0.037255 0.001961 0.084314 0.041176 0.001961 0.005882 0.064706 0.237255 0.001961 0.013725 0.021569 0.001961 0.037255 0.037255 0.029412 0.005882 0.001961 0.013725 0.029412 0.025490 0.041176 0.115686 0.001961 0.025490 0.025490 0.017647 0.001961 0.001961 0.041176 0.033333
0.009804 0.068627 0.052941 0.001961 0.033333 0.072549 0.009804 0.001961 0.268627 0.001961 0.009804 0.001961 0.001961 0.005882 0.013725 0.009804 0.021569 0.072549 0.001961 0.092157 0.025490 0.005882 0.013725 0.001961 0.135294 0.005882 0.013725 0.033333 0.009804 0.001961
0.013725 0.017647 0.009804 0.005882 0.076471 0.041176 0.009804 0.009804 0.037255 0.005882 0.001961 0.080392 0.037255 0.025490 0.005882 0.009804 0.025490 0.001961 0.029412 0.037255 0.017647 0.005882 0.001961 0.335294 0.005882 0.001961 0.029412 0.049020 0.001961 0.068627
0.025490 0.025490 0.005882 0.554902 0.005882 0.056863 0.009804 0.005882 0.001961 0.005882 0.045098 0.025490 0.001961 0.013725 0.001961 0.001961 0.009804 0.001961 0.021569 0.009804 0.056863 0.017647 0.017647 0.001961 0.013725 0.001961 0.041176 0.009804 0.005882 0.001961
0.013725 0.005882 0.001961 0.001961 0.001961 0.001961 0.001961 0.009804 0.005882 0.013725 0.068627 0.084314 0.080392 0.037255 0.084314 0.009804 0.005882 0.041176 0.052941 0.005882 0.084314 0.005882 0.005882 0.005882 0.127451 0.221569 0.001961 0.001961 0.009804 0.005882
0.249020 0.041176 0.013725 0.041176 0.064706 0.001961 0.013725 0.021569 0.005882 0.017647 0.052941 0.025490 0.037255 0.021569 0.025490 0.033333 0.001961 0.005882 0.064706 0.013725 0.001961 0.001961 0.029412 0.017647 0.033333 0.041176 0.021569 0.017647 0.076471 0.005882
0.001961 0.013725 0.060784 0.001961 0.111765 0.162745 0.025490 0.064706 0.001961 0.013725 0.049020 0.001961 0.001961 0.037255 0.001961 0.001961 0.005882 0.005882 0.001961 0.041176 0.056863 0.001961 0.005882 0.084314 0.029412 0.064706 0.001961 0.119608 0.013725 0.013725
0.009804 0.005882 0.103922 0.017647 0.037255 0.001961 0.001961 0.001961 0.029412 0.017647 0.033333 0.052941 0.021569 0.037255 0.123529 0.280392 0.021569 0.001961 0.001961 0.029412 0.052941 0.009804 0.025490 0.001961 0.037255 0.005882 0.009804 0.021569 0.001961 0.001961
0.068627 0.001961 0.103922 0.001961 0.100000 0.021569 0.029412 0.049020 0.021569 0.013725 0.001961 0.060784 0.017647 0.080392 0.001961 0.001961 0.005882 0.052941 0.001961 0.001961 0.001961 0.072549 0.025490 0.001961 0.001961 0.115686 0.029412 0.005882 0.096078 0.009804
0.221569 0.001961 0.009804 0.005882 0.009804 0.037255 0.037255 0.001961 0.017647 0.001961 0.009804 0.001961 0.005882 0.005882 0.001961 0.092157 0.150980 0.060784 0.041176 0.013725 0.001961 0.001961 0.009804 0.005882 0.123529 0.060784 0.025490 0.005882 0.033333 0.001961
0.013725 0.005882 0.001961 0.001961 0.001961 0.025490 0.001961 0.001961 0.005882 0.001961 0.068627 0.001961 0.056863 0.009804 0.029412 0.017647 0.001961 0.029412 0.001961 0.001961 0.147059 0.060784 0.029412 0.037255 0.033333 0.005882 0.127451 0.041176 0.233333 0.001961
0.005882 0.190196 0.005882 0.001961 0.025490 0.017647 0.005882 0.005882 0.005882 0.033333 0.037255 0.013725 0.029412 0.103922 0.001961 0.009804 0.001961 0.076471 0.107843 0.005882 0.052941 0.037255 0.005882 0.029412 0.001961 0.029412 0.005882 0.084314 0.013725 0.052941
0.037255 0.072549 0.182353 0.045098 0.001961 0.072549 0.049020 0.001961 0.076471 0.017647 0.072549 0.001961 0.037255 0.013725 0.025490 0.025490 0.100000 0.013725 0.021569 0.021569 0.001961 0.005882 0.005882 0.041176 0.001961 0.021569 0.025490 0.001961 0.001961 0.001961
0.001961 0.037255 0.033333 0.005882 0.056863 0.009804 0.041176 0.143137 0.001961 0.052941 0.100000 0.017647 0.037255 0.029412 0.005882 0.021569 0.013725 0.100000 0.001961 0.076471 0.005882 0.005882 0.052941 0.009804 0.005882 0.009804 0.001961 0.088235 0.025490 0.005882
0.092157 0.009804 0.017647 0.025490 0.021569 0.017647 0.001961 0.009804 0.033333 0.068627 0.033333 0.068627 0.021569 0.017647 0.052941 0.009804 0.033333 0.080392 0.001961 0.017647 0.001961 0.143137 0.025490 0.001961 0.005882 0.041176 0.072549 0.021569 0.005882 0.045098
0.001961 0.064706 0.049020 0.005882 0.037255 0.049020 0.021569 0.080392 0.001961 0.001961 0.001961 0.170588 0.201961 0.013725 0.013725 0.009804 0.005882 0.009804 0.045098 0.009804 0.001961 0.025490 0.041176 0.013725 0.037255 0.005882 0.041176 0.005882 0.017647 0.013725
0.049020 0.009804 0.088235 0.084314 0.001961 0.001961 0.005882 0.025490 0.017647 0.170588 0.033333 0.001961 0.009804 0.072549 0.052941 0.068627 0.135294 0.001961 0.005882 0.005882 0.009804 0.001961 0.013725 0.001961 0.001961 0.001961 0.005882 0.037255 0.017647 0.064706
0.021569 0.005882 0.001961 0.013725 0.001961 0.088235 0.441176 0.045098 0.017647 0.001961 0.001961 0.100000 0.021569 0.021569 0.001961 0.001961 0.013725 0.001961 0.001961 0.017647 0.001961 0.013725 0.060784 0.025490 0.041176 0.001961 0.005882 0.005882 0.017647 0.001961
0.001961 0.068627 0.127451 0.037255 0.190196 0.017647 0.025490 0.076471 0.009804 0.041176 0.001961 0.001961 0.150980 0.009804 0.001961 0.080392 0.013725 0.005882 0.001961 0.001961 0.005882 0.001961 0.009804 0.060784 0.001961 0.001961 0.001961 0.037255 0.009804 0.001961
0.001961 0.001961 0.005882 0.021569 0.001961 0.127451 0.064706 0.076471 0.001961 0.005882 0.049020 0.025490 0.017647 0.001961 0.009804 0.001961 0.241176 0.068627 0.001961 0.025490 0.025490 0.088235 0.021569 0.001961 0.017647 0.017647 0.049020 0.009804 0.005882 0.009804
0.001961 0.017647 0.029412 0.013725 0.029412 0.013725 0.001961 0.001961 0.009804 0.025490 0.064706 0.001961 0.025490 0.009804 0.001961 0.041176 0.017647 0.005882 0.539216 0.013725 0.009804 0.001961 0.001961 0.001961 0.033333 0.009804 0.033333 0.021569 0.017647 0.001961
0.060784 0.076471 0.001961 0.052941 0.005882 0.001961 0.056863 0.041176 0.060784 0.021569 0.001961 0.005882 0.005882 0.001961 0.001961 0.013725 0.013725 0.056863 0.001961 0.001961 0.001961 0.013725 0.025490 0.056863 0.084314 0.013725 0.045098 0.017647 0.005882 0.249020
0.060784 0.013725 0.139216 0.013725 0.029412 0.001961 0.009804 0.001961 0.017647 0.013725 0.001961 0.001961 0.001961 0.001961 0.147059 0.001961 0.060784 0.021569 0.001961 0.033333 0.072549 0.072549 0.001961 0.013725 0.072549 0.005882 0.084314 0.001961 0.049020 0.049020
0.060784 0.021569 0.005882 0.001961 0.092157 0.001961 0.013725 0.025490 0.119608 0.001961 0.049020 0.005882 0.005882 0.029412 0.001961 0.056863 0.013725 0.001961 0.025490 0.001961 0.033333 0.001961 0.174510 0.001961 0.158824 0.001961 0.001961 0.001961 0.033333 0.052941
0.001961 0.056863 0.001961 0.029412 0.068627 0.001961 0.009804 0.001961 0.041176 0.017647 0.001961 0.013725 0.001961 0.009804 0.025490 0.025490 0.029412 0.037255 0.009804 0.186275 0.064706 0.064706 0.037255 0.017647 0.013725 0.119608 0.005882 0.056863 0.041176 0.005882
0.107843 0.041176 0.005882 0.001961 0.005882 0.001961 0.233333 0.013725 0.001961 0.001961 0.033333 0.021569 0.001961 0.029412 0.005882 0.005882 0.103922 0.001961 0.103922 0.037255 0.001961 0.029412 0.005882 0.009804 0.021569 0.096078 0.045098 0.013725 0.013725 0.001961
0.107843 0.064706 0.045098 0.009804 0.190196 0.001961 0.013725 0.009804 0.013725 0.264706 0.068627 0.005882 0.013725 0.068627 0.009804 0.001961 0.009804 0.001961 0.005882 0.001961 0.017647 0.001961 0.001961 0.009804 0.017647 0.001961 0.001961 0.013725 0.005882 0.017647
0.001961 0.005882 0.001961 0.013725 0.005882 0.131373 0.037255 0.009804 0.021569 0.025490 0.009804 0.001961 0.021569 0.025490 0.001961 0.076471 0.001961 0.350980 0.017647 0.013725 0.060784 0.017647 0.013725 0.005882 0.021569 0.005882 0.005882 0.009804 0.001961 0.080392
0.001961 0.013725 0.017647 0.001961 0.005882 0.017647 0.021569 0.072549 0.009804 0.009804 0.005882 0.358824 0.029412 0.033333 0.009804 0.056863 0.001961 0.005882 0.009804 0.017647 0.115686 0.021569 0.037255 0.001961 0.021569 0.001961 0.001961 0.084314 0.005882 0.005882
0.021569 0.009804 0.017647 0.107843 0.033333 0.245098 0.001961 0.005882 0.033333 0.009804 0.025490 0.033333 0.056863 0.021569 0.005882 0.005882 0.001961 0.001961 0.041176 0.017647 0.029412 0.005882 0.021569 0.013725 0.001961 0.092157 0.001961 0.088235 0.021569 0.025490
0.021569 0.025490 0.029412 0.005882 0.005882 0.001961 0.076471 0.001961 0.001961 0.001961 0.013725 0.045098 0.080392 0.049020 0.103922 0.001961 0.025490 0.009804 0.060784 0.009804 0.276471 0.052941 0.029412 0.017647 0.001961 0.009804 0.021569 0.005882 0.009804 0.001961
0.013725 0.001961 0.005882 0.009804 0.001961 0.221569 0.001961 0.001961 0.056863 0.001961 0.052941 0.033333 0.088235 0.009804 0.017647 0.103922 0.017647 0.013725 0.174510 0.045098 0.049020 0.005882 0.001961 0.005882 0.009804 0.013725 0.005882 0.029412 0.001961 0.001961
0.045098 0.001961 0.001961 0.005882 0.021569 0.041176 0.001961 0.005882 0.049020 0.001961 0.233333 0.072549 0.005882 0.001961 0.009804 0.013725 0.001961 0.068627 0.001961 0.009804 0.013725 0.009804 0.021569 0.147059 0.017647 0.029412 0.115686 0.001961 0.041176 0.005882
0.009804 0.001961 0.013725 0.268627 0.001961 0.013725 0.001961 0.064706 0.068627 0.009804 0.045098 0.001961 0.041176 0.033333 0.115686 0.009804 0.009804 0.025490 0.005882 0.005882 0.005882 0.056863 0.005882 0.013725 0.021569 0.009804 0.009804 0.056863 0.068627 0.001961
0.076471 0.001961 0.033333 0.009804 0.009804 0.029412 0.001961 0.009804 0.001961 0.001961 0.076471 0.107843 0.001961 0.080392 0.060784 0.001961 0.029412 0.025490 0.150980 0.001961 0.084314 0.021569 0.049020 0.064706 0.017647 0.001961 0.013725 0.001961 0.017647 0.013725
0.111765 0.107843 0.127451 0.013725 0.143137 0.013725 0.037255 0.001961 0.013725 0.017647 0.001961 0.033333 0.029412 0.029412 0.001961 0.001961 0.017647 0.021569 0.111765 0.005882 0.017647 0.001961 0.017647 0.001961 0.052941 0.021569 0.005882 0.025490 0.009804 0.001961
0.005882 0.037255 0.005882 0.009804 0.041176 0.001961 0.001961 0.088235 0.001961 0.005882 0.025490 0.009804 0.001961 0.033333 0.005882 0.080392 0.068627 0.072549 0.009804 0.111765 0.154902 0.096078 0.009804 0.001961 0.080392 0.009804 0.005882 0.009804 0.005882 0.005882
0.009804 0.001961 0.009804 0.001961 0.001961 0.001961 0.045098 0.005882 0.005882 0.001961 0.001961 0.001961 0.096078 0.052941 0.017647 0.425490 0.001961 0.009804 0.001961 0.005882 0.150980 0.033333 0.001961 0.001961 0.068627 0.013725 0.001961 0.005882 0.009804 0.009804
0.001961 0.072549 0.154902 0.005882 0.049020 0.001961 0.072549 0.001961 0.017647 0.084314 0.001961 0.009804 0.088235 0.060784 0.052941 0.076471 0.060784 0.049020 0.029412 0.005882 0.009804 0.001961 0.005882 0.001961 0.009804 0.001961 0.025490 0.005882 0.009804 0.029412
0.001961 0.041176 0.025490 0.170588 0.033333 0.005882 0.033333 0.013725 0.001961 0.005882 0.021569 0.025490 0.005882 0.009804 0.001961 0.084314 0.017647 0.033333 0.025490 0.001961 0.013725 0.072549 0.025490 0.033333 0.154902 0.001961 0.029412 0.064706 0.001961 0.041176
0.005882 0.080392 0.017647 0.001961 0.005882 0.001961 0.013725 0.005882 0.005882 0.001961 0.001961 0.103922 0.033333 0.001961 0.041176 0.139216 0.001961 0.005882 0.072549 0.096078 0.013725 0.025490 0.001961 0.013725 0.001961 0.001961 0.060784 0.017647 0.221569 0.001961
0.017647 0.111765 0.060784 0.045098 0.005882 0.001961 0.005882 0.001961 0.096078 0.005882 0.001961 0.001961 0.060784 0.013725 0.100000 0.005882 0.001961 0.009804 0.056863 0.001961 0.001961 0.005882 0.005882 0.009804 0.001961 0.233333 0.005882 0.111765 0.001961 0.013725
0.001961 0.001961 0.021569 0.013725 0.013725 0.084314 0.005882 0.013725 0.005882 0.033333 0.303922 0.001961 0.013725 0.037255 0.001961 0.005882 0.013725 0.001961 0.001961 0.001961 0.025490 0.037255 0.009804 0.009804 0.182353 0.005882 0.025490 0.107843 0.005882 0.009804
0.009804 0.001961 0.005882 0.037255 0.005882 0.060784 0.021569 0.005882 0.084314 0.001961 0.100000 0.001961 0.025490 0.139216 0.017647 0.103922 0.001961 0.033333 0.021569 0.013725 0.001961 0.111765 0.025490 0.033333 0.001961 0.001961 0.013725 0.001961 0.060784 0.052941
0.025490 0.017647 0.001961 0.017647 0.005882 0.005882 0.009804 0.005882 0.045098 0.068627 0.049020 0.021569 0.001961 0.017647 0.347059 0.005882 0.001961 0.029412 0.001961 0.001961 0.107843 0.001961 0.021569 0.037255 0.013725 0.001961 0.037255 0.033333 0.060784 0.001961
0.005882 0.001961 0.013725 0.092157 0.049020 0.021569 0.001961 0.170588 0.001961 0.001961 0.001961 0.037255 0.249020 0.029412 0.021569 0.001961 0.017647 0.021569 0.005882 0.001961 0.005882 0.001961 0.017647 0.033333 0.107843 0.001961 0.049020 0.001961 0.001961 0.029412
0.001961 0.001961 0.001961 0.025490 0.017647 0.029412 0.064706 0.103922 0.017647 0.013725 0.001961 0.005882 0.001961 0.182353 0.033333 0.001961 0.056863 0.009804 0.072549 0.029412 0.017647 0.001961 0.033333 0.115686 0.084314 0.052941 0.001961 0.001961 0.013725 0.001961
0.013725 0.021569 0.013725 0.084314 0.084314 0.017647 0.076471 0.001961 0.001961 0.009804 0.033333 0.029412 0.001961 0.127451 0.025490 0.088235 0.017647 0.005882 0.017647 0.072549 0.013725 0.033333 0.009804 0.013725 0.029412 0.029412 0.001961 0.009804 0.005882 0.107843
0.005882 0.052941 0.001961 0.001961 0.017647 0.276471 0.029412 0.009804 0.001961 0.005882 0.001961 0.001961 0.013725 0.001961 0.033333 0.005882 0.001961 0.237255 0.001961 0.001961 0.064706 0.029412 0.021569 0.021569 0.025490 0.060784 0.056863 0.001961 0.001961 0.009804
0.001961 0.005882 0.013725 0.092157 0.017647 0.001961 0.009804 0.013725 0.037255 0.001961 0.005882 0.001961 0.001961 0.139216 0.009804 0.001961 0.150980 0.045098 0.037255 0.001961 0.135294 0.045098 0.009804 0.049020 0.107843 0.021569 0.013725 0.001961 0.005882 0.017647
0.013725 0.005882 0.001961 0.025490 0.123529 0.009804 0.005882 0.001961 0.001961 0.009804 0.052941 0.021569 0.001961 0.005882 0.064706 0.005882 0.045098 0.068627 0.241176 0.025490 0.009804 0.049020 0.025490 0.009804 0.060784 0.005882 0.033333 0.056863 0.005882 0.009804
0.009804 0.017647 0.013725 0.021569 0.009804 0.025490 0.147059 0.001961 0.005882 0.025490 0.009804 0.009804 0.001961 0.001961 0.045098 0.009804 0.005882 0.009804 0.009804 0.052941 0.001961 0.056863 0.092157 0.001961 0.021569 0.013725 0.068627 0.033333 0.064706 0.209804
0.009804 0.021569 0.021569 0.005882 0.009804 0.017647 0.001961 0.009804 0.001961 0.001961 0.001961 0.041176 0.154902 0.001961 0.013725 0.021569 0.001961 0.041176 0.009804 0.001961 0.347059 0.041176 0.001961 0.001961 0.068627 0.021569 0.001961 0.017647 0.064706 0.041176
0.001961 0.021569 0.001961 0.009804 0.005882 0.001961 0.064706 0.049020 0.013725 0.033333 0.080392 0.025490 0.033333 0.037255 0.001961 0.100000 0.076471 0.005882 0.001961 0.049020 0.021569 0.005882 0.009804 0.009804 0.029412 0.025490 0.127451 0.041176 0.001961 0.111765
0.092157 0.005882 0.056863 0.029412 0.009804 0.025490 0.001961 0.037255 0.033333 0.064706 0.080392 0.001961 0.009804 0.001961 0.001961 0.056863 0.013725 0.037255 0.029412 0.229412 0.041176 0.013725 0.005882 0.005882 0.001961 0.064706 0.041176 0.001961 0.001961 0.001961
0.001961 0.001961 0.009804 0.001961 0.033333 0.115686 0.045098 0.009804 0.033333 0.017647 0.013725 0.025490 0.005882 0.001961 0.009804 0.001961 0.001961 0.025490 0.072549 0.045098 0.005882 0.150980 0.033333 0.005882 0.264706 0.021569 0.005882 0.025490 0.001961 0.009804
