0.216537 0.067814 0.028968 0.234295 0.047836 0.052275 0.030078 0.131077 0.131077 0.060044
0.024528 0.063374 0.361931 0.081132 0.116648 0.137736 0.021199 0.035627 0.054495 0.103330
0.022309 0.018979 0.117758 0.106659 0.025638 0.145505 0.086681 0.102220 0.262042 0.112209
0.043396 0.061154 0.000111 0.249834 0.158824 0.164373 0.199889 0.000111 0.010100 0.112209
0.047836 0.000111 0.071143 0.217647 0.070033 0.158824 0.040067 0.219867 0.115538 0.058935
0.116648 0.071143 0.033407 0.093341 0.399667 0.001221 0.085572 0.060044 0.084462 0.054495
0.090011 0.078912 0.186570 0.003441 0.159933 0.119978 0.055605 0.106659 0.074473 0.124417
0.021199 0.020089 0.188790 0.119978 0.175472 0.000111 0.062264 0.088901 0.122198 0.200999
0.178801 0.275361 0.000111 0.022309 0.040067 0.002331 0.088901 0.016759 0.262042 0.113319
0.000111 0.147725 0.082242 0.083352 0.063374 0.088901 0.000111 0.091121 0.374140 0.068923
0.184351 0.128857 0.065594 0.213208 0.052275 0.055605 0.044506 0.102220 0.151054 0.002331
0.032297 0.111099 0.378579 0.073363 0.168812 0.066704 0.014539 0.044506 0.037847 0.072253
0.046726 0.074473 0.080022 0.122198 0.040067 0.141065 0.082242 0.075583 0.260932 0.076693
0.068923 0.050055 0.025638 0.204329 0.171032 0.181021 0.216537 0.000111 0.000111 0.082242
0.003441 0.000111 0.072253 0.203219 0.048946 0.269811 0.000111 0.184351 0.113319 0.104440
0.088901 0.070033 0.058935 0.058935 0.427414 0.078912 0.044506 0.052275 0.095560 0.024528
0.132186 0.083352 0.137736 0.000111 0.184351 0.100000 0.041176 0.096670 0.061154 0.163263
0.054495 0.057825 0.173252 0.115538 0.123307 0.000111 0.080022 0.053385 0.125527 0.216537
0.113319 0.189900 0.000111 0.051165 0.020089 0.042286 0.124417 0.056715 0.267592 0.134406
0.025638 0.143285 0.109989 0.067814 0.060044 0.084462 0.010100 0.080022 0.355272 0.063374
0.195450 0.137736 0.074473 0.230966 0.005660 0.066704 0.078912 0.123307 0.053385 0.033407
0.038957 0.108879 0.391898 0.085572 0.173252 0.060044 0.023418 0.028968 0.038957 0.050055
0.084462 0.040067 0.077802 0.114428 0.047836 0.175472 0.141065 0.094451 0.167703 0.056715
0.108879 0.083352 0.040067 0.205438 0.187680 0.111099 0.192120 0.000111 0.002331 0.068923
0.052275 0.000111 0.073363 0.212098 0.058935 0.220977 0.028968 0.168812 0.107769 0.076693
0.097780 0.048946 0.087791 0.040067 0.440733 0.032297 0.000111 0.062264 0.159933 0.030078
0.073363 0.121088 0.138846 0.003441 0.154384 0.105549 0.073363 0.067814 0.095560 0.166593
0.031188 0.056715 0.177691 0.093341 0.184351 0.000111 0.042286 0.050055 0.142175 0.222087
0.109989 0.177691 0.065594 0.002331 0.001221 0.078912 0.135516 0.032297 0.267592 0.128857
0.037847 0.159933 0.077802 0.065594 0.011210 0.125527 0.016759 0.097780 0.327525 0.080022
0.185461 0.124417 0.064484 0.214317 0.000111 0.074473 0.054495 0.109989 0.132186 0.040067
0.040067 0.106659 0.425194 0.000111 0.151054 0.106659 0.026748 0.041176 0.018979 0.083352
0.075583 0.000111 0.095560 0.058935 0.051165 0.163263 0.141065 0.091121 0.265372 0.057825
0.056715 0.043396 0.053385 0.195450 0.118868 0.092231 0.267592 0.000111 0.113319 0.058935
0.022309 0.002331 0.053385 0.227636 0.040067 0.233185 0.000111 0.191010 0.143285 0.086681
0.141065 0.087791 0.105549 0.047836 0.367481 0.053385 0.071143 0.031188 0.070033 0.024528
0.072253 0.036737 0.216537 0.038957 0.195450 0.119978 0.040067 0.162153 0.008990 0.108879
0.034517 0.000111 0.216537 0.096670 0.240954 0.000111 0.042286 0.052275 0.153274 0.163263
0.123307 0.268701 0.000111 0.054495 0.013430 0.054495 0.131077 0.012320 0.232075 0.109989
0.017869 0.122198 0.032297 0.185461 0.022309 0.101110 0.006770 0.113319 0.326415 0.072253
0.205438 0.121088 0.016759 0.277580 0.012320 0.046726 0.072253 0.084462 0.148835 0.014539
0.053385 0.077802 0.348613 0.061154 0.133296 0.092231 0.036737 0.062264 0.062264 0.072253
0.085572 0.056715 0.135516 0.115538 0.116648 0.103330 0.102220 0.072253 0.182131 0.030078
0.068923 0.047836 0.037847 0.210988 0.134406 0.151054 0.270921 0.000111 0.000111 0.077802
0.000111 0.005660 0.087791 0.206548 0.050055 0.243174 0.027858 0.203219 0.091121 0.084462
0.149945 0.054495 0.083352 0.082242 0.414095 0.048946 0.067814 0.023418 0.075583 0.000111
0.031188 0.093341 0.142175 0.057825 0.135516 0.119978 0.002331 0.155494 0.112209 0.149945
0.053385 0.028968 0.210988 0.090011 0.191010 0.000111 0.017869 0.085572 0.148835 0.173252
0.149945 0.179911 0.000111 0.083352 0.074473 0.017869 0.087791 0.028968 0.283130 0.094451
0.042286 0.141065 0.043396 0.153274 0.032297 0.109989 0.004550 0.148835 0.270921 0.053385
0.175472 0.094451 0.072253 0.248724 0.002331 0.044506 0.047836 0.154384 0.092231 0.067814
0.031188 0.104440 0.385239 0.018979 0.145505 0.086681 0.004550 0.026748 0.042286 0.154384
0.094451 0.040067 0.068923 0.052275 0.078912 0.132186 0.124417 0.057825 0.274251 0.076693
0.062264 0.037847 0.004550 0.239845 0.136626 0.156604 0.266482 0.000111 0.011210 0.084462
0.041176 0.000111 0.111099 0.245394 0.034517 0.176582 0.006770 0.178801 0.159933 0.045616
0.124417 0.078912 0.025638 0.095560 0.397447 0.015649 0.068923 0.102220 0.091121 0.000111
0.101110 0.064484 0.167703 0.026748 0.143285 0.125527 0.038957 0.203219 0.016759 0.112209
0.036737 0.024528 0.147725 0.097780 0.186570 0.002331 0.111099 0.067814 0.095560 0.229856
0.177691 0.162153 0.011210 0.081132 0.048946 0.045616 0.131077 0.013430 0.246504 0.082242
0.008990 0.119978 0.101110 0.033407 0.086681 0.073363 0.040067 0.122198 0.329745 0.084462
0.226526 0.115538 0.065594 0.218757 0.000111 0.088901 0.052275 0.076693 0.119978 0.035627
0.016759 0.113319 0.343063 0.078912 0.128857 0.123307 0.002331 0.033407 0.065594 0.094451
0.031188 0.053385 0.082242 0.090011 0.058935 0.131077 0.096670 0.149945 0.207658 0.098890
0.083352 0.043396 0.053385 0.199889 0.172142 0.153274 0.197669 0.021199 0.012320 0.063374
0.011210 0.000111 0.100000 0.220977 0.052275 0.206548 0.018979 0.169922 0.123307 0.096670
0.122198 0.044506 0.080022 0.102220 0.417425 0.042286 0.040067 0.020089 0.097780 0.033407
0.133296 0.084462 0.098890 0.057825 0.126637 0.131077 0.022309 0.185461 0.058935 0.101110
0.043396 0.031188 0.207658 0.083352 0.197669 0.000111 0.062264 0.041176 0.146615 0.186570
0.117758 0.166593 0.000111 0.041176 0.072253 0.001221 0.133296 0.005660 0.346393 0.115538
0.001221 0.198779 0.126637 0.071143 0.000111 0.082242 0.000111 0.129967 0.336404 0.053385
0.224306 0.167703 0.024528 0.247614 0.000111 0.053385 0.090011 0.036737 0.112209 0.043396
0.063374 0.164373 0.367481 0.000111 0.129967 0.100000 0.040067 0.025638 0.034517 0.074473
0.000111 0.052275 0.041176 0.061154 0.026748 0.163263 0.151054 0.114428 0.294229 0.095560
0.102220 0.113319 0.058935 0.157714 0.135516 0.142175 0.197669 0.000111 0.014539 0.077802
0.054495 0.000111 0.035627 0.182131 0.050055 0.243174 0.015649 0.185461 0.122198 0.111099
0.092231 0.070033 0.085572 0.100000 0.424084 0.026748 0.053385 0.000111 0.082242 0.065594
0.117758 0.077802 0.112209 0.024528 0.128857 0.080022 0.045616 0.167703 0.083352 0.162153
0.035627 0.038957 0.144395 0.055605 0.151054 0.000111 0.077802 0.088901 0.184351 0.223196
0.136626 0.128857 0.001221 0.023418 0.033407 0.061154 0.115538 0.017869 0.368590 0.113319
0.023418 0.144395 0.083352 0.101110 0.041176 0.083352 0.000111 0.131077 0.341953 0.050055
0.204329 0.091121 0.071143 0.232075 0.000111 0.083352 0.091121 0.088901 0.116648 0.021199
0.042286 0.063374 0.374140 0.072253 0.162153 0.093341 0.000111 0.005660 0.106659 0.080022
0.032297 0.112209 0.075583 0.092231 0.077802 0.124417 0.075583 0.118868 0.243174 0.047836
0.112209 0.058935 0.000111 0.227636 0.202109 0.091121 0.255383 0.000111 0.002331 0.050055
0.020089 0.000111 0.080022 0.202109 0.062264 0.203219 0.020089 0.177691 0.145505 0.088901
0.128857 0.055605 0.084462 0.072253 0.387458 0.051165 0.058935 0.056715 0.103330 0.001221
0.056715 0.121088 0.197669 0.003441 0.164373 0.056715 0.018979 0.142175 0.119978 0.118868
0.072253 0.024528 0.177691 0.071143 0.157714 0.016759 0.096670 0.061154 0.104440 0.217647
0.169922 0.161043 0.000111 0.097780 0.021199 0.075583 0.082242 0.012320 0.290899 0.088901
0.016759 0.125527 0.100000 0.035627 0.065594 0.119978 0.000111 0.144395 0.370810 0.021199
0.199889 0.141065 0.015649 0.243174 0.008990 0.106659 0.065594 0.073363 0.115538 0.030078
0.036737 0.092231 0.367481 0.034517 0.141065 0.138846 0.000111 0.037847 0.063374 0.087791
0.046726 0.062264 0.118868 0.106659 0.104440 0.076693 0.083352 0.102220 0.206548 0.092231
0.115538 0.041176 0.015649 0.244284 0.127747 0.173252 0.197669 0.015649 0.017869 0.051165
0.021199 0.000111 0.093341 0.256493 0.041176 0.194340 0.006770 0.235405 0.126637 0.024528
0.122198 0.035627 0.064484 0.067814 0.370810 0.032297 0.091121 0.068923 0.098890 0.047836
0.178801 0.054495 0.217647 0.002331 0.144395 0.056715 0.025638 0.147725 0.087791 0.084462
0.036737 0.017869 0.134406 0.088901 0.181021 0.000111 0.124417 0.078912 0.137736 0.199889
0.162153 0.217647 0.016759 0.067814 0.023418 0.010100 0.097780 0.000111 0.315316 0.088901
0.007880 0.148835 0.078912 0.096670 0.052275 0.028968 0.000111 0.147725 0.374140 0.064484
0.134406 0.115538 0.034517 0.237625 0.063374 0.025638 0.078912 0.133296 0.123307 0.053385
0.040067 0.058935 0.411876 0.053385 0.143285 0.081132 0.032297 0.020089 0.047836 0.111099
0.061154 0.112209 0.078912 0.096670 0.030078 0.118868 0.107769 0.090011 0.266482 0.037847
0.105549 0.044506 0.000111 0.212098 0.191010 0.143285 0.215427 0.000111 0.000111 0.087791
0.002331 0.001221 0.065594 0.186570 0.067814 0.207658 0.016759 0.218757 0.152164 0.081132
0.121088 0.045616 0.031188 0.116648 0.404107 0.032297 0.081132 0.000111 0.127747 0.040067
0.100000 0.046726 0.119978 0.066704 0.172142 0.119978 0.037847 0.143285 0.063374 0.129967
0.073363 0.035627 0.149945 0.092231 0.189900 0.010100 0.026748 0.044506 0.147725 0.229856
0.164373 0.225416 0.000111 0.052275 0.050055 0.035627 0.057825 0.017869 0.278690 0.117758
0.000111 0.206548 0.068923 0.103330 0.023418 0.123307 0.023418 0.068923 0.311987 0.070033
0.156604 0.153274 0.076693 0.218757 0.043396 0.102220 0.071143 0.067814 0.090011 0.020089
0.040067 0.032297 0.411876 0.052275 0.131077 0.075583 0.040067 0.042286 0.082242 0.092231
0.063374 0.047836 0.068923 0.075583 0.015649 0.131077 0.081132 0.142175 0.277580 0.096670
0.087791 0.052275 0.010100 0.234295 0.159933 0.146615 0.206548 0.000111 0.032297 0.070033
0.031188 0.000111 0.074473 0.204329 0.064484 0.166593 0.041176 0.197669 0.142175 0.077802
0.106659 0.033407 0.043396 0.058935 0.383019 0.044506 0.090011 0.098890 0.125527 0.015649
0.084462 0.135516 0.148835 0.003441 0.157714 0.077802 0.037847 0.142175 0.081132 0.131077
0.042286 0.025638 0.151054 0.100000 0.173252 0.000111 0.083352 0.088901 0.138846 0.196559
0.145505 0.206548 0.081132 0.073363 0.041176 0.078912 0.088901 0.000111 0.195450 0.088901
0.012320 0.154384 0.095560 0.121088 0.023418 0.095560 0.006770 0.109989 0.303108 0.077802
0.173252 0.100000 0.100000 0.243174 0.034517 0.086681 0.090011 0.036737 0.116648 0.018979
0.016759 0.096670 0.366371 0.077802 0.131077 0.123307 0.045616 0.006770 0.043396 0.092231
0.000111 0.094451 0.078912 0.043396 0.115538 0.123307 0.122198 0.138846 0.223196 0.060044
0.035627 0.084462 0.036737 0.200999 0.152164 0.164373 0.215427 0.006770 0.017869 0.085572
0.061154 0.001221 0.041176 0.249834 0.033407 0.178801 0.033407 0.193230 0.111099 0.096670
0.123307 0.018979 0.083352 0.060044 0.464040 0.018979 0.087791 0.042286 0.094451 0.006770
0.103330 0.067814 0.128857 0.000111 0.137736 0.096670 0.026748 0.200999 0.083352 0.154384
0.038957 0.021199 0.182131 0.085572 0.203219 0.001221 0.075583 0.045616 0.127747 0.218757
0.136626 0.181021 0.000111 0.057825 0.025638 0.045616 0.067814 0.037847 0.296448 0.151054
0.016759 0.157714 0.092231 0.057825 0.060044 0.046726 0.001221 0.165483 0.334184 0.067814
0.207658 0.152164 0.065594 0.224306 0.016759 0.068923 0.054495 0.080022 0.129967 0.000111
0.048946 0.133296 0.367481 0.018979 0.179911 0.072253 0.003441 0.003441 0.056715 0.115538
0.032297 0.011210 0.036737 0.116648 0.050055 0.151054 0.121088 0.179911 0.278690 0.022309
0.105549 0.047836 0.040067 0.185461 0.165483 0.152164 0.222087 0.008990 0.000111 0.072253
0.096670 0.003441 0.046726 0.225416 0.060044 0.179911 0.000111 0.184351 0.146615 0.056715
0.109989 0.054495 0.050055 0.051165 0.418535 0.054495 0.032297 0.071143 0.095560 0.062264
0.161043 0.100000 0.188790 0.000111 0.162153 0.066704 0.037847 0.144395 0.033407 0.105549
0.058935 0.025638 0.165483 0.098890 0.192120 0.000111 0.060044 0.056715 0.129967 0.212098
0.145505 0.151054 0.070033 0.096670 0.020089 0.062264 0.072253 0.008990 0.270921 0.102220
0.030078 0.175472 0.066704 0.065594 0.053385 0.107769 0.007880 0.126637 0.319756 0.046726
0.224306 0.056715 0.055605 0.225416 0.000111 0.098890 0.092231 0.101110 0.076693 0.068923
0.011210 0.103330 0.355272 0.038957 0.119978 0.128857 0.043396 0.054495 0.037847 0.106659
0.034517 0.000111 0.055605 0.078912 0.071143 0.134406 0.097780 0.152164 0.282020 0.093341
0.081132 0.028968 0.033407 0.210988 0.108879 0.171032 0.235405 0.000111 0.046726 0.083352
0.000111 0.000111 0.090011 0.249834 0.028968 0.188790 0.005660 0.196559 0.166593 0.073363
0.136626 0.027858 0.053385 0.108879 0.383019 0.040067 0.063374 0.096670 0.068923 0.021199
0.103330 0.113319 0.107769 0.036737 0.208768 0.095560 0.026748 0.147725 0.038957 0.121088
0.048946 0.044506 0.196559 0.081132 0.217647 0.000111 0.016759 0.062264 0.129967 0.202109
0.144395 0.139956 0.052275 0.064484 0.055605 0.062264 0.109989 0.000111 0.262042 0.108879
0.051165 0.121088 0.066704 0.074473 0.061154 0.045616 0.031188 0.107769 0.319756 0.121088
0.200999 0.111099 0.054495 0.247614 0.001221 0.081132 0.077802 0.066704 0.157714 0.001221
0.071143 0.078912 0.359711 0.046726 0.193230 0.091121 0.007880 0.000111 0.048946 0.102220
0.094451 0.051165 0.054495 0.075583 0.036737 0.117758 0.141065 0.177691 0.202109 0.048946
0.087791 0.101110 0.011210 0.228746 0.129967 0.123307 0.203219 0.000111 0.005660 0.108879
0.058935 0.000111 0.073363 0.288679 0.008990 0.153274 0.020089 0.209878 0.096670 0.090011
0.125527 0.043396 0.097780 0.047836 0.424084 0.032297 0.050055 0.000111 0.121088 0.057825
0.072253 0.000111 0.224306 0.000111 0.195450 0.094451 0.092231 0.129967 0.070033 0.121088
0.027858 0.027858 0.189900 0.108879 0.172142 0.000111 0.028968 0.066704 0.175472 0.202109
0.128857 0.149945 0.024528 0.075583 0.010100 0.022309 0.124417 0.014539 0.320866 0.128857
0.075583 0.161043 0.064484 0.063374 0.107769 0.077802 0.003441 0.101110 0.310877 0.034517
0.215427 0.082242 0.060044 0.227636 0.000111 0.104440 0.067814 0.044506 0.138846 0.058935
0.051165 0.063374 0.409656 0.000111 0.132186 0.114428 0.046726 0.000111 0.080022 0.102220
0.080022 0.036737 0.082242 0.095560 0.046726 0.124417 0.100000 0.056715 0.226526 0.151054
0.058935 0.063374 0.026748 0.187680 0.227636 0.085572 0.243174 0.000111 0.020089 0.086681
0.050055 0.000111 0.065594 0.193230 0.096670 0.207658 0.000111 0.186570 0.131077 0.068923
0.138846 0.030078 0.060044 0.026748 0.364151 0.057825 0.083352 0.103330 0.087791 0.047836
0.066704 0.104440 0.158824 0.008990 0.173252 0.098890 0.006770 0.184351 0.073363 0.124417
0.053385 0.010100 0.216537 0.117758 0.166593 0.000111 0.017869 0.085572 0.147725 0.184351
0.124417 0.159933 0.020089 0.017869 0.060044 0.040067 0.108879 0.046726 0.280910 0.141065
0.014539 0.154384 0.081132 0.113319 0.050055 0.086681 0.005660 0.149945 0.324195 0.020089
0.163263 0.091121 0.037847 0.200999 0.055605 0.090011 0.064484 0.136626 0.118868 0.041176
0.068923 0.040067 0.388568 0.048946 0.127747 0.091121 0.011210 0.060044 0.060044 0.103330
0.032297 0.146615 0.052275 0.067814 0.070033 0.143285 0.064484 0.145505 0.216537 0.061154
0.078912 0.074473 0.000111 0.162153 0.187680 0.139956 0.226526 0.000111 0.005660 0.124417
0.031188 0.000111 0.071143 0.223196 0.074473 0.183241 0.000111 0.196559 0.125527 0.094451
0.083352 0.036737 0.096670 0.075583 0.441842 0.030078 0.114428 0.016759 0.076693 0.027858
0.077802 0.057825 0.152164 0.006770 0.158824 0.080022 0.091121 0.162153 0.064484 0.148835
0.010100 0.058935 0.155494 0.095560 0.197669 0.000111 0.092231 0.058935 0.137736 0.193230
0.200999 0.200999 0.001221 0.038957 0.033407 0.083352 0.060044 0.002331 0.249834 0.128857
0.020089 0.169922 0.040067 0.106659 0.007880 0.075583 0.037847 0.105549 0.293119 0.143285
0.139956 0.181021 0.080022 0.244284 0.002331 0.055605 0.068923 0.111099 0.084462 0.032297
0.058935 0.078912 0.339734 0.061154 0.191010 0.064484 0.071143 0.043396 0.031188 0.060044
0.134406 0.021199 0.074473 0.043396 0.055605 0.132186 0.117758 0.132186 0.245394 0.043396
0.133296 0.043396 0.004550 0.178801 0.119978 0.175472 0.223196 0.000111 0.000111 0.121088
0.037847 0.007880 0.042286 0.222087 0.109989 0.154384 0.037847 0.224306 0.114428 0.048946
0.104440 0.068923 0.058935 0.061154 0.411876 0.046726 0.083352 0.066704 0.096670 0.001221
0.105549 0.093341 0.129967 0.032297 0.213208 0.082242 0.066704 0.123307 0.040067 0.113319
0.060044 0.000111 0.157714 0.098890 0.166593 0.011210 0.093341 0.062264 0.147725 0.202109
0.157714 0.194340 0.017869 0.015649 0.109989 0.025638 0.067814 0.007880 0.266482 0.136626
0.040067 0.114428 0.048946 0.125527 0.015649 0.077802 0.023418 0.143285 0.329745 0.081132
0.197669 0.062264 0.046726 0.290899 0.000111 0.054495 0.087791 0.085572 0.138846 0.035627
0.023418 0.057825 0.398557 0.071143 0.162153 0.098890 0.000111 0.045616 0.050055 0.092231
0.056715 0.080022 0.063374 0.080022 0.012320 0.149945 0.126637 0.052275 0.286459 0.092231
0.050055 0.072253 0.000111 0.225416 0.147725 0.136626 0.230966 0.017869 0.000111 0.118868
0.000111 0.000111 0.086681 0.245394 0.045616 0.218757 0.000111 0.209878 0.097780 0.095560
0.082242 0.055605 0.078912 0.101110 0.421865 0.027858 0.083352 0.068923 0.080022 0.000111
0.133296 0.125527 0.102220 0.033407 0.182131 0.074473 0.075583 0.116648 0.076693 0.080022
0.070033 0.030078 0.227636 0.086681 0.220977 0.000111 0.001221 0.057825 0.169922 0.135516
0.135516 0.193230 0.000111 0.031188 0.065594 0.050055 0.164373 0.000111 0.257603 0.102220
0.026748 0.175472 0.044506 0.085572 0.048946 0.077802 0.025638 0.151054 0.311987 0.052275
0.182131 0.091121 0.058935 0.300888 0.008990 0.052275 0.053385 0.097780 0.109989 0.044506
0.042286 0.158824 0.354162 0.043396 0.135516 0.084462 0.008990 0.044506 0.038957 0.088901
0.043396 0.034517 0.146615 0.051165 0.057825 0.074473 0.182131 0.048946 0.263152 0.097780
0.057825 0.042286 0.002331 0.184351 0.152164 0.152164 0.210988 0.002331 0.050055 0.145505
0.037847 0.005660 0.044506 0.198779 0.061154 0.208768 0.002331 0.224306 0.101110 0.115538
0.209878 0.047836 0.076693 0.044506 0.366371 0.013430 0.085572 0.038957 0.115538 0.001221
0.093341 0.057825 0.165483 0.001221 0.196559 0.106659 0.072253 0.135516 0.044506 0.126637
0.046726 0.052275 0.202109 0.104440 0.153274 0.000111 0.060044 0.053385 0.103330 0.224306
0.118868 0.171032 0.021199 0.053385 0.012320 0.074473 0.135516 0.000111 0.305327 0.107769
0.047836 0.183241 0.078912 0.105549 0.014539 0.076693 0.016759 0.081132 0.310877 0.084462
0.181021 0.122198 0.016759 0.311987 0.003441 0.063374 0.064484 0.062264 0.118868 0.055605
0.031188 0.088901 0.357492 0.030078 0.142175 0.085572 0.077802 0.044506 0.043396 0.098890
0.065594 0.100000 0.061154 0.044506 0.062264 0.132186 0.148835 0.078912 0.227636 0.078912
0.088901 0.048946 0.007880 0.164373 0.191010 0.168812 0.218757 0.000111 0.004550 0.106659
0.011210 0.005660 0.068923 0.192120 0.072253 0.233185 0.023418 0.210988 0.112209 0.070033
0.157714 0.071143 0.087791 0.083352 0.373030 0.027858 0.056715 0.017869 0.084462 0.040067
0.132186 0.097780 0.132186 0.000111 0.165483 0.068923 0.034517 0.162153 0.051165 0.155494
0.033407 0.057825 0.202109 0.097780 0.133296 0.000111 0.058935 0.053385 0.172142 0.191010
0.161043 0.145505 0.000111 0.070033 0.048946 0.096670 0.103330 0.001221 0.247614 0.125527
0.031188 0.137736 0.044506 0.066704 0.037847 0.081132 0.044506 0.143285 0.326415 0.086681
0.164373 0.080022 0.086681 0.236515 0.050055 0.083352 0.048946 0.106659 0.118868 0.024528
0.037847 0.090011 0.356382 0.053385 0.155494 0.116648 0.000111 0.033407 0.050055 0.106659
0.098890 0.054495 0.066704 0.091121 0.000111 0.118868 0.118868 0.105549 0.280910 0.064484
0.056715 0.051165 0.071143 0.196559 0.135516 0.153274 0.220977 0.020089 0.000111 0.094451
0.035627 0.000111 0.102220 0.185461 0.073363 0.204329 0.000111 0.206548 0.139956 0.052275
0.151054 0.052275 0.077802 0.050055 0.398557 0.041176 0.101110 0.002331 0.086681 0.038957
0.133296 0.016759 0.134406 0.000111 0.182131 0.105549 0.060044 0.186570 0.091121 0.090011
0.046726 0.000111 0.233185 0.077802 0.199889 0.000111 0.064484 0.066704 0.139956 0.171032
0.092231 0.143285 0.006770 0.048946 0.021199 0.040067 0.129967 0.021199 0.304218 0.192120
0.000111 0.135516 0.043396 0.132186 0.084462 0.060044 0.017869 0.092231 0.359711 0.074473
0.169922 0.123307 0.064484 0.244284 0.003441 0.065594 0.072253 0.065594 0.156604 0.034517
0.071143 0.085572 0.370810 0.055605 0.098890 0.109989 0.000111 0.010100 0.086681 0.111099
0.112209 0.084462 0.098890 0.052275 0.066704 0.107769 0.081132 0.091121 0.245394 0.060044
0.097780 0.107769 0.000111 0.195450 0.202109 0.144395 0.162153 0.000111 0.052275 0.037847
0.022309 0.000111 0.086681 0.185461 0.058935 0.254273 0.000111 0.168812 0.131077 0.092231
0.121088 0.082242 0.063374 0.080022 0.391898 0.052275 0.053385 0.024528 0.117758 0.013430
0.107769 0.117758 0.168812 0.047836 0.103330 0.051165 0.075583 0.184351 0.066704 0.076693
0.054495 0.040067 0.177691 0.119978 0.200999 0.000111 0.000111 0.048946 0.173252 0.184351
0.138846 0.193230 0.000111 0.008990 0.060044 0.092231 0.092231 0.000111 0.290899 0.123307
0.000111 0.107769 0.106659 0.134406 0.045616 0.091121 0.000111 0.093341 0.368590 0.052275
0.209878 0.115538 0.050055 0.237625 0.000111 0.033407 0.074473 0.108879 0.141065 0.028968
0.044506 0.055605 0.348613 0.028968 0.155494 0.118868 0.036737 0.025638 0.046726 0.138846
0.080022 0.052275 0.084462 0.003441 0.093341 0.126637 0.142175 0.061154 0.253163 0.103330
0.134406 0.046726 0.010100 0.188790 0.137736 0.116648 0.269811 0.000111 0.000111 0.095560
0.032297 0.000111 0.091121 0.209878 0.024528 0.208768 0.032297 0.175472 0.133296 0.092231
0.135516 0.082242 0.020089 0.084462 0.368590 0.050055 0.109989 0.077802 0.071143 0.000111
0.092231 0.108879 0.188790 0.035627 0.136626 0.078912 0.070033 0.123307 0.080022 0.085572
0.053385 0.014539 0.204329 0.113319 0.156604 0.016759 0.012320 0.055605 0.145505 0.227636
0.109989 0.169922 0.001221 0.078912 0.053385 0.085572 0.143285 0.000111 0.233185 0.124417
0.022309 0.141065 0.087791 0.077802 0.047836 0.124417 0.014539 0.118868 0.297558 0.067814
0.199889 0.109989 0.010100 0.252053 0.010100 0.111099 0.072253 0.075583 0.128857 0.030078
0.048946 0.066704 0.369700 0.060044 0.145505 0.078912 0.006770 0.045616 0.055605 0.122198
0.073363 0.042286 0.065594 0.100000 0.058935 0.146615 0.078912 0.105549 0.208768 0.119978
0.097780 0.066704 0.023418 0.250943 0.123307 0.114428 0.243174 0.024528 0.000111 0.055605
0.048946 0.001221 0.068923 0.224306 0.081132 0.209878 0.036737 0.178801 0.097780 0.052275
0.093341 0.064484 0.087791 0.058935 0.420755 0.033407 0.128857 0.045616 0.042286 0.024528
0.105549 0.161043 0.167703 0.025638 0.192120 0.062264 0.085572 0.102220 0.055605 0.042286
0.037847 0.047836 0.153274 0.133296 0.149945 0.000111 0.073363 0.057825 0.145505 0.200999
0.109989 0.185461 0.000111 0.100000 0.073363 0.086681 0.095560 0.000111 0.243174 0.105549
0.027858 0.161043 0.087791 0.111099 0.048946 0.060044 0.013430 0.118868 0.317536 0.053385
0.163263 0.157714 0.145505 0.235405 0.000111 0.033407 0.062264 0.072253 0.088901 0.041176
0.030078 0.082242 0.370810 0.035627 0.141065 0.138846 0.010100 0.046726 0.048946 0.095560
0.107769 0.073363 0.104440 0.030078 0.100000 0.166593 0.058935 0.057825 0.206548 0.094451
0.101110 0.030078 0.010100 0.260932 0.114428 0.149945 0.212098 0.003441 0.000111 0.117758
0.060044 0.000111 0.098890 0.212098 0.054495 0.218757 0.000111 0.198779 0.103330 0.053385
0.112209 0.087791 0.098890 0.043396 0.402997 0.032297 0.061154 0.046726 0.114428 0.000111
0.119978 0.062264 0.148835 0.012320 0.182131 0.105549 0.027858 0.162153 0.065594 0.113319
0.078912 0.055605 0.208768 0.121088 0.123307 0.000111 0.012320 0.064484 0.169922 0.165483
0.082242 0.228746 0.000111 0.065594 0.000111 0.091121 0.161043 0.000111 0.266482 0.104440
0.021199 0.131077 0.081132 0.138846 0.044506 0.103330 0.007880 0.125527 0.314206 0.032297
0.165483 0.113319 0.041176 0.235405 0.001221 0.086681 0.108879 0.065594 0.117758 0.064484
0.005660 0.084462 0.347503 0.078912 0.142175 0.101110 0.026748 0.054495 0.067814 0.091121
0.032297 0.031188 0.034517 0.071143 0.100000 0.133296 0.108879 0.119978 0.298668 0.070033
0.041176 0.033407 0.016759 0.249834 0.156604 0.181021 0.220977 0.005660 0.000111 0.094451
0.011210 0.000111 0.123307 0.176582 0.020089 0.202109 0.012320 0.196559 0.159933 0.097780
0.117758 0.078912 0.143285 0.115538 0.340844 0.017869 0.053385 0.063374 0.068923 0.000111
0.115538 0.038957 0.088901 0.073363 0.178801 0.157714 0.085572 0.126637 0.030078 0.104440
0.081132 0.034517 0.212098 0.126637 0.164373 0.000111 0.000111 0.055605 0.123307 0.202109
0.134406 0.174362 0.050055 0.013430 0.016759 0.076693 0.083352 0.011210 0.294229 0.145505
0.018979 0.131077 0.047836 0.050055 0.046726 0.139956 0.000111 0.181021 0.330855 0.053385
0.176582 0.100000 0.058935 0.253163 0.000111 0.091121 0.060044 0.088901 0.142175 0.028968
0.056715 0.088901 0.367481 0.060044 0.161043 0.071143 0.000111 0.044506 0.065594 0.084462
0.056715 0.066704 0.086681 0.080022 0.052275 0.167703 0.091121 0.047836 0.250943 0.100000
0.090011 0.037847 0.000111 0.220977 0.128857 0.145505 0.240954 0.000111 0.031188 0.104440
0.023418 0.000111 0.102220 0.230966 0.041176 0.234295 0.020089 0.198779 0.088901 0.060044
0.117758 0.034517 0.105549 0.122198 0.370810 0.054495 0.065594 0.020089 0.096670 0.012320
0.091121 0.094451 0.166593 0.013430 0.149945 0.114428 0.040067 0.104440 0.055605 0.169922
0.064484 0.007880 0.265372 0.090011 0.157714 0.000111 0.046726 0.035627 0.128857 0.203219
0.195450 0.198779 0.021199 0.024528 0.048946 0.025638 0.094451 0.000111 0.274251 0.116648
0.035627 0.159933 0.136626 0.100000 0.068923 0.073363 0.005660 0.072253 0.306437 0.041176
0.204329 0.138846 0.014539 0.236515 0.056715 0.062264 0.053385 0.115538 0.066704 0.051165
0.063374 0.093341 0.400777 0.062264 0.105549 0.108879 0.000111 0.023418 0.052275 0.090011
0.012320 0.087791 0.082242 0.051165 0.100000 0.080022 0.100000 0.124417 0.292009 0.070033
0.113319 0.053385 0.031188 0.204329 0.165483 0.104440 0.243174 0.000111 0.000111 0.084462
0.025638 0.020089 0.085572 0.243174 0.045616 0.194340 0.011210 0.198779 0.102220 0.073363
0.114428 0.036737 0.091121 0.048946 0.367481 0.036737 0.105549 0.021199 0.114428 0.063374
0.161043 0.054495 0.151054 0.048946 0.138846 0.085572 0.092231 0.123307 0.065594 0.078912
0.038957 0.017869 0.161043 0.091121 0.169922 0.000111 0.109989 0.090011 0.116648 0.204329
0.138846 0.192120 0.000111 0.048946 0.094451 0.035627 0.082242 0.021199 0.269811 0.116648
0.022309 0.128857 0.076693 0.013430 0.058935 0.090011 0.020089 0.115538 0.358602 0.115538
0.234295 0.144395 0.097780 0.195450 0.008990 0.083352 0.038957 0.061154 0.131077 0.004550
0.008990 0.060044 0.389678 0.046726 0.088901 0.109989 0.032297 0.084462 0.081132 0.097780
0.030078 0.038957 0.073363 0.086681 0.063374 0.105549 0.156604 0.127747 0.267592 0.050055
0.108879 0.031188 0.016759 0.218757 0.148835 0.131077 0.214317 0.000111 0.020089 0.109989
0.028968 0.000111 0.122198 0.223196 0.026748 0.220977 0.000111 0.133296 0.158824 0.085572
0.062264 0.066704 0.015649 0.072253 0.428524 0.066704 0.081132 0.063374 0.101110 0.042286
0.131077 0.048946 0.200999 0.000111 0.177691 0.100000 0.058935 0.115538 0.058935 0.107769
0.065594 0.032297 0.216537 0.085572 0.206548 0.000111 0.028968 0.050055 0.113319 0.200999
0.178801 0.162153 0.000111 0.044506 0.052275 0.070033 0.102220 0.035627 0.255383 0.098890
0.000111 0.146615 0.080022 0.075583 0.054495 0.090011 0.028968 0.090011 0.336404 0.097780
0.213208 0.098890 0.043396 0.223196 0.000111 0.062264 0.080022 0.123307 0.129967 0.025638
0.066704 0.073363 0.360821 0.105549 0.174362 0.073363 0.050055 0.000111 0.060044 0.035627
0.065594 0.055605 0.027858 0.146615 0.012320 0.102220 0.136626 0.090011 0.228746 0.134406
0.131077 0.050055 0.000111 0.215427 0.154384 0.127747 0.223196 0.001221 0.000111 0.096670
0.000111 0.001221 0.076693 0.242064 0.030078 0.213208 0.036737 0.227636 0.104440 0.067814
0.091121 0.066704 0.094451 0.051165 0.396337 0.040067 0.052275 0.074473 0.133296 0.000111
0.072253 0.082242 0.124417 0.001221 0.204329 0.053385 0.100000 0.132186 0.078912 0.151054
0.030078 0.015649 0.213208 0.118868 0.193230 0.000111 0.057825 0.048946 0.114428 0.207658
0.187680 0.206548 0.001221 0.078912 0.032297 0.051165 0.100000 0.000111 0.246504 0.095560
0.030078 0.134406 0.126637 0.026748 0.074473 0.143285 0.000111 0.118868 0.282020 0.063374
0.238735 0.107769 0.092231 0.202109 0.000111 0.055605 0.044506 0.101110 0.096670 0.061154
0.046726 0.057825 0.345283 0.105549 0.129967 0.101110 0.001221 0.043396 0.082242 0.086681
0.025638 0.072253 0.066704 0.103330 0.100000 0.078912 0.127747 0.081132 0.275361 0.068923
0.068923 0.067814 0.000111 0.199889 0.151054 0.167703 0.226526 0.000111 0.013430 0.104440
0.001221 0.000111 0.094451 0.208768 0.082242 0.198779 0.004550 0.179911 0.155494 0.074473
0.128857 0.046726 0.040067 0.042286 0.391898 0.044506 0.087791 0.058935 0.142175 0.016759
0.100000 0.103330 0.139956 0.067814 0.144395 0.075583 0.034517 0.181021 0.077802 0.075583
0.058935 0.021199 0.142175 0.121088 0.193230 0.000111 0.031188 0.072253 0.167703 0.192120
0.123307 0.149945 0.082242 0.011210 0.041176 0.054495 0.083352 0.030078 0.279800 0.144395
0.022309 0.184351 0.076693 0.022309 0.035627 0.131077 0.002331 0.122198 0.337514 0.065594
0.195450 0.093341 0.109989 0.236515 0.000111 0.038957 0.081132 0.083352 0.147725 0.013430
0.071143 0.062264 0.355272 0.046726 0.131077 0.086681 0.032297 0.034517 0.046726 0.133296
0.078912 0.008990 0.067814 0.105549 0.112209 0.135516 0.098890 0.046726 0.259822 0.085572
0.137736 0.050055 0.034517 0.248724 0.138846 0.144395 0.206548 0.003441 0.001221 0.034517
0.036737 0.000111 0.082242 0.227636 0.061154 0.222087 0.020089 0.177691 0.091121 0.081132
0.132186 0.041176 0.060044 0.067814 0.398557 0.048946 0.041176 0.076693 0.113319 0.020089
0.075583 0.068923 0.164373 0.000111 0.121088 0.127747 0.092231 0.147725 0.048946 0.153274
0.075583 0.040067 0.156604 0.084462 0.199889 0.003441 0.074473 0.063374 0.133296 0.168812
0.117758 0.164373 0.014539 0.070033 0.031188 0.096670 0.064484 0.070033 0.292009 0.078912
0.061154 0.128857 0.045616 0.054495 0.072253 0.122198 0.036737 0.092231 0.331964 0.054495
0.218757 0.156604 0.023418 0.247614 0.013430 0.060044 0.064484 0.094451 0.093341 0.027858
0.035627 0.035627 0.367481 0.058935 0.136626 0.102220 0.066704 0.044506 0.043396 0.108879
0.087791 0.043396 0.088901 0.111099 0.061154 0.129967 0.098890 0.105549 0.209878 0.063374
0.071143 0.023418 0.008990 0.187680 0.141065 0.149945 0.260932 0.000111 0.012320 0.144395
0.020089 0.000111 0.075583 0.212098 0.061154 0.225416 0.022309 0.200999 0.123307 0.058935
0.111099 0.058935 0.105549 0.063374 0.374140 0.048946 0.093341 0.074473 0.068923 0.001221
0.101110 0.174362 0.104440 0.000111 0.178801 0.067814 0.020089 0.126637 0.060044 0.166593
0.021199 0.042286 0.165483 0.108879 0.215427 0.000111 0.060044 0.062264 0.144395 0.179911
0.105549 0.174362 0.022309 0.031188 0.053385 0.095560 0.044506 0.000111 0.313097 0.159933
0.002331 0.152164 0.074473 0.093341 0.076693 0.125527 0.000111 0.102220 0.350832 0.022309
0.204329 0.101110 0.094451 0.235405 0.030078 0.071143 0.068923 0.087791 0.087791 0.018979
0.000111 0.074473 0.351942 0.058935 0.111099 0.136626 0.064484 0.037847 0.048946 0.115538
0.070033 0.091121 0.083352 0.068923 0.072253 0.142175 0.105549 0.118868 0.205438 0.042286
0.045616 0.063374 0.018979 0.213208 0.158824 0.141065 0.227636 0.000111 0.031188 0.100000
0.014539 0.000111 0.073363 0.263152 0.033407 0.224306 0.026748 0.167703 0.126637 0.070033
0.094451 0.054495 0.104440 0.060044 0.397447 0.020089 0.075583 0.077802 0.115538 0.000111
0.144395 0.071143 0.121088 0.003441 0.185461 0.105549 0.035627 0.148835 0.027858 0.156604
0.054495 0.000111 0.236515 0.117758 0.199889 0.004550 0.002331 0.047836 0.136626 0.199889
0.122198 0.219867 0.000111 0.037847 0.075583 0.087791 0.134406 0.003441 0.245394 0.073363
0.000111 0.129967 0.074473 0.114428 0.030078 0.087791 0.027858 0.137736 0.323085 0.074473
0.179911 0.132186 0.050055 0.250943 0.012320 0.074473 0.072253 0.094451 0.074473 0.058935
0.061154 0.073363 0.375250 0.057825 0.143285 0.080022 0.000111 0.042286 0.083352 0.083352
0.008990 0.048946 0.065594 0.119978 0.016759 0.169922 0.174362 0.076693 0.247614 0.071143
0.090011 0.075583 0.005660 0.177691 0.156604 0.148835 0.218757 0.000111 0.021199 0.105549
0.015649 0.003441 0.096670 0.213208 0.086681 0.173252 0.026748 0.200999 0.114428 0.068923
0.085572 0.053385 0.101110 0.107769 0.431853 0.035627 0.053385 0.000111 0.131077 0.000111
0.100000 0.125527 0.125527 0.025638 0.135516 0.123307 0.046726 0.178801 0.056715 0.082242
0.040067 0.030078 0.225416 0.082242 0.158824 0.000111 0.026748 0.067814 0.164373 0.204329
0.216537 0.159933 0.008990 0.083352 0.022309 0.033407 0.093341 0.000111 0.273141 0.108879
0.040067 0.188790 0.074473 0.085572 0.031188 0.101110 0.000111 0.087791 0.370810 0.020089
0.200999 0.135516 0.060044 0.197669 0.004550 0.096670 0.055605 0.105549 0.090011 0.053385
0.035627 0.122198 0.364151 0.034517 0.163263 0.119978 0.002331 0.035627 0.040067 0.082242
0.071143 0.047836 0.083352 0.098890 0.058935 0.153274 0.070033 0.055605 0.267592 0.093341
0.043396 0.048946 0.001221 0.202109 0.139956 0.191010 0.224306 0.000111 0.073363 0.075583
0.038957 0.000111 0.048946 0.245394 0.043396 0.191010 0.035627 0.194340 0.162153 0.040067
0.164373 0.027858 0.054495 0.034517 0.411876 0.014539 0.104440 0.065594 0.121088 0.001221
0.132186 0.086681 0.129967 0.051165 0.176582 0.076693 0.063374 0.163263 0.057825 0.062264
0.055605 0.008990 0.145505 0.106659 0.178801 0.034517 0.043396 0.067814 0.162153 0.196559
0.154384 0.178801 0.000111 0.084462 0.018979 0.060044 0.073363 0.018979 0.265372 0.145505
0.021199 0.184351 0.071143 0.086681 0.021199 0.093341 0.000111 0.125527 0.303108 0.093341
0.198779 0.121088 0.053385 0.244284 0.000111 0.095560 0.070033 0.086681 0.097780 0.032297
0.018979 0.101110 0.379689 0.078912 0.169922 0.100000 0.028968 0.054495 0.000111 0.067814
0.070033 0.014539 0.097780 0.076693 0.100000 0.146615 0.087791 0.163263 0.216537 0.026748
0.132186 0.031188 0.000111 0.223196 0.158824 0.172142 0.218757 0.000111 0.000111 0.063374
0.048946 0.000111 0.060044 0.195450 0.037847 0.209878 0.018979 0.245394 0.122198 0.061154
0.135516 0.073363 0.037847 0.111099 0.389678 0.006770 0.058935 0.074473 0.090011 0.022309
0.086681 0.042286 0.174362 0.000111 0.148835 0.181021 0.040067 0.149945 0.076693 0.100000
0.050055 0.031188 0.156604 0.108879 0.179911 0.000111 0.056715 0.085572 0.147725 0.183241
0.102220 0.192120 0.000111 0.060044 0.086681 0.046726 0.097780 0.000111 0.279800 0.134406
0.034517 0.138846 0.062264 0.086681 0.050055 0.068923 0.022309 0.090011 0.366371 0.080022
0.206548 0.172142 0.001221 0.222087 0.000111 0.032297 0.076693 0.155494 0.116648 0.016759
0.030078 0.118868 0.364151 0.008990 0.124417 0.101110 0.002331 0.068923 0.047836 0.133296
0.121088 0.033407 0.028968 0.083352 0.056715 0.132186 0.116648 0.139956 0.207658 0.080022
0.056715 0.058935 0.000111 0.268701 0.163263 0.094451 0.224306 0.000111 0.003441 0.129967
0.004550 0.000111 0.097780 0.213208 0.070033 0.204329 0.010100 0.204329 0.117758 0.077802
0.107769 0.048946 0.046726 0.102220 0.408546 0.026748 0.066704 0.054495 0.117758 0.020089
0.076693 0.122198 0.134406 0.000111 0.135516 0.098890 0.078912 0.113319 0.097780 0.142175
0.034517 0.040067 0.215427 0.071143 0.189900 0.001221 0.031188 0.056715 0.163263 0.196559
0.124417 0.183241 0.000111 0.046726 0.032297 0.058935 0.060044 0.062264 0.273141 0.158824
0.000111 0.137736 0.148835 0.098890 0.022309 0.080022 0.000111 0.083352 0.333074 0.095560
0.171032 0.133296 0.091121 0.253163 0.004550 0.065594 0.071143 0.086681 0.102220 0.021199
0.056715 0.131077 0.350832 0.012320 0.124417 0.065594 0.035627 0.034517 0.071143 0.117758
0.052275 0.030078 0.053385 0.113319 0.031188 0.109989 0.137736 0.123307 0.274251 0.074473
0.080022 0.062264 0.000111 0.212098 0.216537 0.111099 0.186570 0.000111 0.007880 0.123307
0.014539 0.003441 0.107769 0.220977 0.052275 0.169922 0.030078 0.208768 0.147725 0.044506
0.126637 0.066704 0.055605 0.076693 0.444062 0.006770 0.023418 0.070033 0.078912 0.051165
0.071143 0.057825 0.196559 0.000111 0.153274 0.090011 0.072253 0.152164 0.056715 0.149945
0.065594 0.000111 0.186570 0.100000 0.173252 0.000111 0.075583 0.043396 0.152164 0.203219
0.166593 0.187680 0.005660 0.005660 0.000111 0.075583 0.113319 0.031188 0.282020 0.132186
0.026748 0.115538 0.094451 0.111099 0.076693 0.086681 0.033407 0.080022 0.354162 0.021199
0.207658 0.100000 0.073363 0.279800 0.000111 0.041176 0.043396 0.088901 0.139956 0.025638
0.055605 0.177691 0.330855 0.050055 0.083352 0.047836 0.046726 0.045616 0.016759 0.145505
0.057825 0.062264 0.114428 0.045616 0.057825 0.146615 0.134406 0.087791 0.254273 0.038957
0.132186 0.060044 0.000111 0.176582 0.172142 0.088901 0.214317 0.014539 0.000111 0.141065
0.033407 0.020089 0.118868 0.193230 0.052275 0.208768 0.005660 0.183241 0.101110 0.083352
0.100000 0.046726 0.045616 0.085572 0.404107 0.003441 0.072253 0.060044 0.142175 0.040067
0.111099 0.102220 0.103330 0.000111 0.200999 0.094451 0.042286 0.132186 0.078912 0.134406
0.076693 0.014539 0.182131 0.108879 0.186570 0.006770 0.044506 0.038957 0.146615 0.194340
0.163263 0.121088 0.000111 0.060044 0.073363 0.014539 0.072253 0.010100 0.336404 0.148835
0.012320 0.145505 0.084462 0.083352 0.024528 0.087791 0.015649 0.134406 0.338624 0.073363
0.177691 0.063374 0.000111 0.267592 0.000111 0.142175 0.077802 0.117758 0.113319 0.040067
0.023418 0.058935 0.360821 0.083352 0.154384 0.066704 0.024528 0.035627 0.075583 0.116648
0.036737 0.082242 0.061154 0.062264 0.101110 0.156604 0.085572 0.122198 0.270921 0.021199
0.044506 0.087791 0.002331 0.196559 0.169922 0.114428 0.235405 0.000111 0.012320 0.136626
0.034517 0.002331 0.084462 0.245394 0.085572 0.152164 0.000111 0.184351 0.136626 0.074473
0.098890 0.035627 0.060044 0.055605 0.412986 0.041176 0.108879 0.046726 0.139956 0.000111
0.197669 0.053385 0.131077 0.005660 0.188790 0.115538 0.035627 0.134406 0.003441 0.134406
0.028968 0.035627 0.197669 0.088901 0.213208 0.000111 0.057825 0.044506 0.129967 0.203219
0.062264 0.162153 0.013430 0.046726 0.077802 0.071143 0.104440 0.027858 0.317536 0.116648
0.014539 0.151054 0.063374 0.093341 0.050055 0.066704 0.051165 0.116648 0.356382 0.036737
0.184351 0.144395 0.023418 0.288679 0.016759 0.109989 0.030078 0.118868 0.064484 0.018979
0.071143 0.116648 0.347503 0.073363 0.173252 0.033407 0.041176 0.046726 0.052275 0.044506
0.027858 0.067814 0.067814 0.090011 0.033407 0.134406 0.109989 0.088901 0.272031 0.107769
0.074473 0.044506 0.032297 0.193230 0.136626 0.121088 0.263152 0.000111 0.015649 0.118868
0.020089 0.000111 0.133296 0.217647 0.045616 0.192120 0.000111 0.191010 0.169922 0.030078
0.087791 0.056715 0.081132 0.082242 0.419645 0.028968 0.097780 0.048946 0.096670 0.000111
0.129967 0.090011 0.168812 0.000111 0.146615 0.133296 0.016759 0.179911 0.020089 0.114428
0.060044 0.041176 0.191010 0.086681 0.184351 0.000111 0.000111 0.075583 0.148835 0.212098
0.109989 0.164373 0.000111 0.062264 0.067814 0.087791 0.025638 0.048946 0.310877 0.122198
0.028968 0.127747 0.094451 0.124417 0.007880 0.073363 0.001221 0.106659 0.351942 0.083352
0.171032 0.088901 0.000111 0.223196 0.000111 0.043396 0.093341 0.123307 0.189900 0.066704
0.051165 0.070033 0.398557 0.060044 0.154384 0.100000 0.013430 0.013430 0.052275 0.086681
0.057825 0.102220 0.070033 0.090011 0.017869 0.162153 0.107769 0.127747 0.264262 0.000111
0.147725 0.061154 0.000111 0.272031 0.117758 0.097780 0.200999 0.003441 0.034517 0.064484
