0	50	0:10 1:28 2:12 
1	50	1:26 2:9 0:15 
2	50	2:38 1:11 0:1 
3	50	1:36 2:13 0:1 
4	50	0:47 1:2 2:1 
5	50	0:4 2:2 1:44 
6	50	1:27 2:15 0:8 
7	50	2:24 0:16 1:10 
8	50	1:15 2:17 0:18 
9	50	1:26 0:24 
10	50	2:12 1:27 0:11 
11	50	0:27 2:18 1:5 
12	50	1:36 2:14 
13	50	0:16 2:34 
14	50	0:42 1:4 2:4 
15	50	0:13 2:32 1:5 
16	50	0:17 1:30 2:3 
17	50	1:6 0:18 2:26 
18	50	2:40 1:5 0:5 
19	50	2:30 0:17 1:3 
20	50	1:14 0:17 2:19 
21	50	0:9 1:41 
22	50	0:44 1:6 
23	50	2:24 1:10 0:16 
24	50	1:27 0:21 2:2 
25	50	0:26 2:21 1:3 
26	50	0:44 2:3 1:3 
27	50	2:7 1:21 0:22 
28	50	0:14 2:23 1:13 
29	50	1:32 2:16 0:2 
30	50	1:30 2:4 0:16 
31	50	0:25 1:11 2:14 
32	50	2:43 1:4 0:3 
33	50	0:34 1:10 2:6 
34	50	0:29 2:8 1:13 
35	50	0:10 1:36 2:4 
36	50	2:22 0:20 1:8 
37	50	1:33 2:6 0:11 
38	50	1:45 0:5 
39	50	2:10 0:23 1:17 
40	50	1:6 2:30 0:14 
41	50	0:23 1:26 2:1 
42	50	0:7 1:39 2:4 
43	50	1:30 0:16 2:4 
44	50	2:12 0:38 
45	50	0:13 2:10 1:27 
46	50	2:20 1:13 0:17 
47	50	2:31 0:12 1:7 
48	50	0:37 1:11 2:2 
49	50	0:47 1:2 2:1 
50	50	1:8 0:19 2:23 
51	50	2:34 0:16 
52	50	2:47 0:2 1:1 
53	50	0:23 1:23 2:4 
54	50	1:18 2:16 0:16 
55	50	1:28 0:3 2:19 
56	50	2:25 1:18 0:7 
57	50	0:27 2:7 1:16 
58	50	0:3 2:21 1:26 
59	50	1:23 0:25 2:2 
60	50	0:15 1:29 2:6 
61	50	2:21 1:25 0:4 
62	50	2:32 1:14 0:4 
63	50	1:40 0:3 2:7 
64	50	1:12 2:23 0:15 
65	50	1:28 2:22 
66	50	2:46 0:3 1:1 
67	50	1:41 2:2 0:7 
68	50	1:10 0:38 2:2 
69	50	2:21 0:9 1:20 
70	50	2:36 1:14 
71	50	1:31 0:15 2:4 
72	50	0:26 1:19 2:5 
73	50	2:12 1:21 0:17 
74	50	0:29 2:17 1:4 
75	50	0:10 1:24 2:16 
76	50	2:20 1:29 0:1 
77	50	2:28 0:18 1:4 
78	50	1:19 0:8 2:23 
79	50	1:43 0:6 2:1 
80	50	2:9 1:40 0:1 
81	50	2:23 1:16 0:11 
82	50	1:17 2:3 0:30 
83	50	2:37 0:12 1:1 
84	50	1:21 2:6 0:23 
85	50	1:3 2:39 0:8 
86	50	1:32 2:4 0:14 
87	50	2:37 1:6 0:7 
88	50	1:9 0:34 2:7 
89	50	0:9 2:40 1:1 
90	50	2:41 0:8 1:1 
91	50	0:24 1:14 2:12 
92	50	0:45 1:3 2:2 
93	50	1:22 2:20 0:8 
94	50	2:33 1:8 0:9 
95	50	0:4 1:29 2:17 
96	50	2:27 1:16 0:7 
97	50	0:22 1:14 2:14 
98	50	0:28 1:5 2:17 
99	50	0:17 1:27 2:6 
100	50	2:37 0:7 1:6 
101	50	1:36 2:8 0:6 
102	50	1:33 2:15 0:2 
103	50	1:5 2:17 0:28 
104	50	0:17 1:21 2:12 
105	50	2:22 0:10 1:18 
106	50	1:27 2:9 0:14 
107	50	2:31 0:18 1:1 
108	50	0:15 2:32 1:3 
109	50	1:18 0:31 2:1 
110	50	2:33 0:13 1:4 
111	50	0:24 2:11 1:15 
112	50	1:15 0:18 2:17 
113	50	1:19 0:30 2:1 
114	50	2:49 0:1 
115	50	1:23 0:18 2:9 
116	50	0:9 2:21 1:20 
117	50	0:32 2:10 1:8 
118	50	0:40 2:10 
119	50	2:35 1:6 0:9 
120	50	1:42 2:5 0:3 
121	50	1:43 2:7 
122	50	1:10 2:23 0:17 
123	50	2:12 1:13 0:25 
124	50	0:17 2:26 1:7 
125	50	0:5 2:5 1:40 
126	50	2:25 0:14 1:11 
127	50	0:14 1:31 2:5 
128	50	2:8 1:33 0:9 
129	50	1:37 0:11 2:2 
130	50	2:36 0:14 
131	50	0:24 2:6 1:20 
132	50	0:27 2:20 1:3 
133	50	1:4 2:28 0:18 
134	50	0:41 2:8 1:1 
135	50	2:21 1:9 0:20 
136	50	2:30 1:15 0:5 
137	50	2:26 1:17 0:7 
138	50	2:43 1:4 0:3 
139	50	1:21 0:25 2:4 
140	50	0:32 2:16 1:2 
141	50	1:17 0:30 2:3 
142	50	2:12 0:32 1:6 
143	50	1:24 0:12 2:14 
144	50	2:25 0:22 1:3 
145	50	0:40 2:8 1:2 
146	50	2:23 1:23 0:4 
147	50	2:22 0:28 
148	50	2:41 1:7 0:2 
149	50	1:41 2:8 0:1 
150	50	2:46 0:3 1:1 
151	50	2:5 0:45 
152	50	0:20 2:18 1:12 
153	50	1:31 2:19 
154	50	1:28 2:8 0:14 
155	50	2:40 1:9 0:1 
156	50	2:9 0:29 1:12 
157	50	2:38 0:12 
158	50	2:8 0:38 1:4 
159	50	0:19 2:12 1:19 
160	50	0:19 2:28 1:3 
161	50	0:37 1:5 2:8 
162	50	1:14 2:20 0:16 
163	50	1:27 2:16 0:7 
164	50	1:36 0:5 2:9 
165	50	0:28 1:22 
166	50	2:21 0:22 1:7 
167	50	2:26 1:22 0:2 
168	50	2:29 1:8 0:13 
169	50	0:44 1:1 2:5 
170	50	0:23 2:23 1:4 
171	50	1:29 2:13 0:8 
172	50	0:30 1:12 2:8 
173	50	2:26 1:16 0:8 
174	50	0:45 1:3 2:2 
175	50	0:36 1:13 2:1 
176	50	2:1 1:21 0:28 
177	50	1:37 2:12 0:1 
178	50	1:7 2:40 0:3 
179	50	0:11 1:39 
180	50	1:25 2:24 0:1 
181	50	1:22 0:13 2:15 
182	50	2:42 0:7 1:1 
183	50	1:45 2:5 
184	50	2:32 1:11 0:7 
185	50	1:48 0:1 2:1 
186	50	2:32 0:18 
187	50	0:7 1:33 2:10 
188	50	2:36 0:12 1:2 
189	50	2:31 1:14 0:5 
190	50	0:13 2:26 1:11 
191	50	0:24 2:25 1:1 
192	50	0:34 1:4 2:12 
193	50	1:28 2:22 
194	50	2:20 0:20 1:10 
195	50	2:13 0:36 1:1 
196	50	2:18 0:11 1:21 
197	50	2:37 0:12 1:1 
198	50	0:43 2:7 
199	50	2:39 0:7 1:4 
200	50	0:17 1:30 2:3 
201	50	1:45 0:5 
202	50	2:42 0:3 1:5 
203	50	0:36 2:13 1:1 
204	50	0:20 1:9 2:21 
205	50	2:36 1:8 0:6 
206	50	2:10 0:17 1:23 
207	50	1:22 0:5 2:23 
208	50	0:14 2:29 1:7 
209	50	2:46 1:4 
210	50	1:31 0:15 2:4 
211	50	1:34 2:15 0:1 
212	50	0:3 2:1 1:46 
213	50	1:43 0:6 2:1 
214	50	1:5 2:42 0:3 
215	50	0:23 1:27 
216	50	2:4 0:31 1:15 
217	50	1:39 0:10 2:1 
218	50	1:15 0:18 2:17 
219	50	0:22 2:26 1:2 
220	50	2:31 1:13 0:6 
221	50	1:12 0:37 2:1 
222	50	2:21 0:23 1:6 
223	50	1:41 0:6 2:3 
224	50	2:12 0:36 1:2 
225	50	0:9 2:26 1:15 
226	50	1:43 2:6 0:1 
227	50	2:4 0:15 1:31 
228	50	1:20 2:17 0:13 
229	50	2:33 1:5 0:12 
230	50	0:33 2:17 
231	50	0:45 1:5 
232	50	1:22 2:27 0:1 
233	50	1:37 2:12 0:1 
234	50	0:28 2:22 
235	50	1:6 0:42 2:2 
236	50	2:15 0:18 1:17 
237	50	0:18 1:16 2:16 
238	50	1:26 2:5 0:19 
239	50	1:17 2:31 0:2 
240	50	1:12 0:23 2:15 
241	50	0:34 2:15 1:1 
242	50	2:27 1:11 0:12 
243	50	1:36 2:5 0:9 
244	50	1:26 0:14 2:10 
245	50	2:21 1:19 0:10 
246	50	1:8 0:41 2:1 
247	50	2:40 1:10 
248	50	2:13 1:7 0:30 
249	50	0:9 1:28 2:13 
250	50	1:34 0:14 2:2 
251	50	0:18 1:29 2:3 
252	50	0:25 1:25 
253	50	1:14 2:36 
254	50	0:22 2:20 1:8 
255	50	0:41 1:5 2:4 
256	50	1:17 2:29 0:4 
257	50	1:13 2:23 0:14 
258	50	1:28 2:21 0:1 
259	50	0:18 1:28 2:4 
260	50	0:33 1:15 2:2 
261	50	2:33 0:15 1:2 
262	50	2:33 1:15 0:2 
263	50	0:24 1:25 2:1 
264	50	0:38 1:9 2:3 
265	50	1:40 0:7 2:3 
266	50	0:29 2:20 1:1 
267	50	0:35 2:8 1:7 
268	50	2:22 0:18 1:10 
269	50	2:7 1:38 0:5 
270	50	2:43 0:6 1:1 
271	50	2:28 0:12 1:10 
272	50	1:7 0:8 2:35 
273	50	2:27 1:22 0:1 
274	50	1:31 0:14 2:5 
275	50	2:9 0:35 1:6 
276	50	1:30 2:18 0:2 
277	50	1:23 2:24 0:3 
278	50	0:12 1:30 2:8 
279	50	2:20 0:17 1:13 
280	50	2:45 1:5 
281	50	0:10 2:35 1:5 
282	50	2:23 1:27 
283	50	2:42 0:6 1:2 
284	50	2:40 0:8 1:2 
285	50	2:24 1:16 0:10 
286	50	0:17 1:29 2:4 
287	50	1:6 0:11 2:33 
288	50	0:17 1:16 2:17 
289	50	1:11 2:34 0:5 
290	50	1:31 0:19 
291	50	1:19 0:4 2:27 
292	50	1:30 2:16 0:4 
293	50	0:39 1:5 2:6 
294	50	1:19 2:23 0:8 
295	50	2:20 1:18 0:12 
296	50	2:15 0:21 1:14 
297	50	1:24 0:18 2:8 
298	50	2:37 0:8 1:5 
299	50	1:23 0:10 2:17 
300	50	1:18 2:29 0:3 
301	50	1:50 
302	50	0:12 1:4 2:34 
303	50	1:36 2:6 0:8 
304	50	0:19 1:14 2:17 
305	50	1:38 2:11 0:1 
306	50	1:8 0:40 2:2 
307	50	1:9 2:17 0:24 
308	50	0:41 2:8 1:1 
309	50	1:5 2:33 0:12 
310	50	1:36 2:8 0:6 
311	50	0:20 1:23 2:7 
312	50	1:15 2:31 0:4 
313	50	1:17 2:17 0:16 
314	50	0:38 2:1 1:11 
315	50	1:15 0:20 2:15 
316	50	1:30 2:18 0:2 
317	50	2:4 1:16 0:30 
318	50	1:43 0:4 2:3 
319	50	1:33 0:16 2:1 
320	50	0:9 1:16 2:25 
321	50	1:31 2:9 0:10 
322	50	0:23 1:26 2:1 
323	50	2:35 0:10 1:5 
324	50	1:12 0:17 2:21 
325	50	2:27 0:17 1:6 
326	50	1:27 0:20 2:3 
327	50	0:31 2:8 1:11 
328	50	2:18 0:27 1:5 
329	50	1:35 0:15 
330	50	1:6 2:32 0:12 
331	50	2:16 1:14 0:20 
332	50	2:42 0:6 1:2 
333	50	0:42 2:3 1:5 
334	50	2:32 1:15 0:3 
335	50	2:17 0:26 1:7 
336	50	2:25 1:22 0:3 
337	50	2:35 1:9 0:6 
338	50	1:10 0:39 2:1 
339	50	1:38 0:5 2:7 
340	50	2:7 1:33 0:10 
341	50	0:43 2:7 
342	50	0:16 1:33 2:1 
343	50	0:18 1:23 2:9 
344	50	2:33 0:17 
345	50	1:32 2:10 0:8 
346	50	2:18 0:24 1:8 
347	50	0:12 2:26 1:12 
348	50	0:36 1:13 2:1 
349	50	0:31 1:14 2:5 
350	50	2:16 1:14 0:20 
351	50	0:5 1:26 2:19 
352	50	1:15 2:34 0:1 
353	50	2:28 0:6 1:16 
354	50	2:13 0:34 1:3 
355	50	1:12 2:37 0:1 
356	50	0:41 1:7 2:2 
357	50	2:38 1:7 0:5 
358	50	1:22 2:23 0:5 
359	50	2:39 0:8 1:3 
360	50	2:44 1:5 0:1 
361	50	0:19 2:27 1:4 
362	50	0:39 2:11 
363	50	2:13 1:14 0:23 
364	50	1:29 0:17 2:4 
365	50	0:5 2:33 1:12 
366	50	1:16 2:17 0:17 
367	50	2:1 1:29 0:20 
368	50	0:24 1:9 2:17 
369	50	1:20 0:25 2:5 
370	50	1:24 2:25 0:1 
371	50	1:40 0:10 
372	50	0:16 1:19 2:15 
373	50	0:14 1:25 2:11 
374	50	1:15 0:28 2:7 
375	50	2:41 1:4 0:5 
376	50	1:25 0:16 2:9 
377	50	1:34 2:10 0:6 
378	50	1:27 2:21 0:2 
379	50	2:24 0:21 1:5 
380	50	2:21 1:18 0:11 
381	50	0:36 2:9 1:5 
382	50	0:36 2:6 1:8 
383	50	1:4 2:25 0:21 
384	50	1:22 2:26 0:2 
385	50	0:15 2:13 1:22 
386	50	0:17 2:28 1:5 
387	50	1:35 0:10 2:5 
388	50	1:14 0:35 2:1 
389	50	1:41 0:9 
390	50	2:10 0:29 1:11 
391	50	0:11 1:33 2:6 
392	50	0:35 1:5 2:10 
393	50	1:15 0:11 2:24 
394	50	2:5 1:33 0:12 
395	50	2:29 0:16 1:5 
396	50	1:24 2:20 0:6 
397	50	1:11 0:24 2:15 
398	50	2:38 1:8 0:4 
399	50	0:30 1:17 2:3 
400	50	0:9 1:39 2:2 
401	50	1:30 0:14 2:6 
402	50	1:39 0:8 2:3 
403	50	1:45 2:4 0:1 
404	50	2:40 0:8 1:2 
405	50	2:20 0:29 1:1 
406	50	2:17 1:14 0:19 
407	50	0:29 2:19 1:2 
408	50	2:30 1:9 0:11 
409	50	0:16 2:33 1:1 
410	50	1:40 2:6 0:4 
411	50	1:21 0:27 2:2 
412	50	0:32 2:15 1:3 
413	50	2:20 0:30 
414	50	0:19 2:27 1:4 
415	50	2:26 1:24 
416	50	2:36 1:13 0:1 
417	50	2:33 1:15 0:2 
418	50	0:28 2:5 1:17 
419	50	0:40 1:9 2:1 
420	50	1:39 0:11 
421	50	1:45 2:5 
422	50	0:8 2:22 1:20 
423	50	1:31 2:14 0:5 
424	50	2:16 1:22 0:12 
425	50	0:37 1:7 2:6 
426	50	2:28 1:22 
427	50	0:23 2:27 
428	50	2:27 0:13 1:10 
429	50	0:16 1:15 2:19 
430	50	0:32 2:7 1:11 
431	50	0:42 2:4 1:4 
432	50	1:20 2:11 0:19 
433	50	2:24 0:14 1:12 
434	50	1:40 0:8 2:2 
435	50	2:11 0:37 1:2 
436	50	2:10 0:31 1:9 
437	50	1:20 2:18 0:12 
438	50	1:29 2:21 
439	50	1:24 2:23 0:3 
440	50	2:22 1:28 
441	50	0:21 1:24 2:5 
442	50	1:34 0:7 2:9 
443	50	0:20 1:24 2:6 
444	50	0:19 1:18 2:13 
445	50	1:15 2:21 0:14 
446	50	2:22 0:27 1:1 
447	50	1:15 2:34 0:1 
448	50	0:21 2:21 1:8 
449	50	2:35 1:8 0:7 
450	50	2:14 0:21 1:15 
451	50	0:36 1:6 2:8 
452	50	0:41 1:8 2:1 
453	50	0:30 1:7 2:13 
454	50	2:22 1:28 
455	50	2:36 1:8 0:6 
456	50	0:29 2:21 
457	50	0:24 1:18 2:8 
458	50	2:11 1:19 0:20 
459	50	2:27 1:13 0:10 
460	50	2:32 1:5 0:13 
461	50	2:22 0:11 1:17 
462	50	2:29 0:19 1:2 
463	50	2:32 0:11 1:7 
464	50	2:17 1:32 0:1 
465	50	0:24 2:17 1:9 
466	50	0:31 2:18 1:1 
467	50	0:40 1:7 2:3 
468	50	0:23 1:14 2:13 
469	50	0:18 1:26 2:6 
470	50	0:34 2:16 
471	50	2:38 1:9 0:3 
472	50	2:31 1:8 0:11 
473	50	0:32 2:18 
474	50	0:31 2:7 1:12 
475	50	0:20 2:12 1:18 
476	50	1:41 2:9 
477	50	1:29 2:14 0:7 
478	50	2:17 1:18 0:15 
479	50	0:11 2:29 1:10 
480	50	1:18 2:26 0:6 
481	50	1:7 0:31 2:12 
482	50	2:7 1:22 0:21 
483	50	2:17 0:11 1:22 
484	50	1:39 0:7 2:4 
485	50	2:28 1:21 0:1 
486	50	1:44 2:6 
487	50	0:8 2:30 1:12 
488	50	1:25 2:19 0:6 
489	50	1:31 0:13 2:6 
490	50	2:36 1:4 0:10 
491	50	0:6 2:42 1:2 
492	50	2:9 1:25 0:16 
493	50	2:16 0:29 1:5 
494	50	1:26 0:20 2:4 
495	50	2:34 1:15 0:1 
496	50	2:23 1:18 0:9 
497	50	2:41 1:7 0:2 
498	50	1:44 2:5 0:1 
499	50	0:40 2:7 1:3 
500	50	1:13 2:8 0:29 
501	50	0:20 1:5 2:25 
502	50	2:42 1:5 0:3 
503	50	2:13 1:11 0:26 
504	50	1:27 2:19 0:4 
505	50	1:21 0:14 2:15 
506	50	2:19 0:23 1:8 
507	50	0:9 2:41 
508	50	1:30 0:15 2:5 
509	50	2:20 1:28 0:2 
510	50	2:35 1:5 0:10 
511	50	1:44 2:6 
512	50	0:30 1:18 2:2 
513	50	2:19 0:28 1:3 
514	50	2:36 0:14 
515	50	1:33 2:3 0:14 
516	50	0:44 2:6 
517	50	0:8 2:41 1:1 
518	50	0:11 2:35 1:4 
519	50	1:37 2:5 0:8 
520	50	0:23 1:21 2:6 
521	50	1:27 0:23 
522	50	0:15 1:32 2:3 
523	50	2:6 0:30 1:14 
524	50	2:37 1:10 0:3 
525	50	0:23 1:27 
526	50	2:37 0:12 1:1 
527	50	2:16 1:25 0:9 
528	50	0:35 2:8 1:7 
529	50	1:31 0:12 2:7 
530	50	0:31 1:16 2:3 
531	50	0:40 1:7 2:3 
532	50	1:26 2:17 0:7 
533	50	0:5 2:15 1:30 
534	50	0:30 2:10 1:10 
535	50	1:42 0:7 2:1 
536	50	0:13 2:25 1:12 
537	50	0:38 1:10 2:2 
538	50	2:33 1:16 0:1 
539	50	0:49 1:1 
540	50	0:18 1:28 2:4 
541	50	2:26 0:10 1:14 
542	50	1:16 2:30 0:4 
543	50	2:31 0:10 1:9 
544	50	1:34 0:16 
545	50	2:23 0:18 1:9 
546	50	0:46 1:4 
547	50	1:39 0:9 2:2 
548	50	1:7 0:28 2:15 
549	50	2:31 1:17 0:2 
550	50	2:28 1:11 0:11 
551	50	1:40 0:3 2:7 
552	50	0:40 1:10 
553	50	2:45 1:3 0:2 
554	50	0:2 2:35 1:13 
555	50	0:43 1:5 2:2 
556	50	2:31 0:18 1:1 
557	50	2:30 1:9 0:11 
558	50	2:26 1:5 0:19 
559	50	2:36 0:4 1:10 
560	50	0:30 2:18 1:2 
561	50	0:18 2:32 
562	50	1:16 2:31 0:3 
563	50	2:12 0:31 1:7 
564	50	1:30 0:20 
565	50	0:5 1:27 2:18 
566	50	0:24 1:18 2:8 
567	50	0:40 1:5 2:5 
568	50	0:41 2:5 1:4 
569	50	2:11 1:34 0:5 
570	50	1:21 0:22 2:7 
571	50	0:10 1:39 2:1 
572	50	0:19 1:24 2:7 
573	50	0:20 1:26 2:4 
574	50	1:11 0:25 2:14 
575	50	2:22 0:25 1:3 
576	50	0:13 1:29 2:8 
577	50	2:22 0:23 1:5 
578	50	1:45 2:4 0:1 
579	50	0:30 2:11 1:9 
580	50	2:8 0:19 1:23 
581	50	2:27 0:15 1:8 
582	50	2:30 1:8 0:12 
583	50	1:40 0:6 2:4 
584	50	1:20 2:27 0:3 
585	50	1:26 0:20 2:4 
586	50	0:30 1:7 2:13 
587	50	1:17 0:28 2:5 
588	50	2:37 1:12 0:1 
589	50	0:1 1:42 2:7 
590	50	1:34 2:15 0:1 
591	50	2:19 1:30 0:1 
592	50	0:3 1:34 2:13 
593	50	2:21 1:24 0:5 
594	50	1:37 0:12 2:1 
595	50	0:28 2:6 1:16 
596	50	1:46 2:4 
597	50	1:39 2:4 0:7 
598	50	2:9 0:38 1:3 
599	50	0:21 1:24 2:5 
600	50	0:28 2:3 1:19 
601	50	1:38 0:5 2:7 
602	50	1:39 0:7 2:4 
603	50	0:22 1:19 2:9 
604	50	0:40 2:6 1:4 
605	50	0:28 2:15 1:7 
606	50	1:10 2:17 0:23 
607	50	1:9 0:35 2:6 
608	50	1:40 2:5 0:5 
609	50	0:15 1:34 2:1 
610	50	1:6 2:28 0:16 
611	50	1:38 0:9 2:3 
612	50	1:42 0:8 
613	50	1:44 2:4 0:2 
614	50	0:15 2:12 1:23 
615	50	2:23 1:14 0:13 
616	50	0:47 2:3 
617	50	0:29 2:10 1:11 
618	50	1:29 0:17 2:4 
619	50	2:21 1:25 0:4 
620	50	0:28 2:16 1:6 
621	50	1:2 2:20 0:28 
622	50	0:44 2:2 1:4 
623	50	0:44 1:6 
624	50	1:22 2:18 0:10 
625	50	1:21 0:20 2:9 
626	50	0:36 2:5 1:9 
627	50	0:40 1:8 2:2 
628	50	1:5 2:19 0:26 
629	50	0:17 2:26 1:7 
630	50	0:35 1:14 2:1 
631	50	1:30 2:10 0:10 
632	50	1:3 0:42 2:5 
633	50	2:18 1:32 
634	50	2:27 0:11 1:12 
635	50	0:20 2:26 1:4 
636	50	1:35 2:10 0:5 
637	50	1:32 0:13 2:5 
638	50	1:39 2:8 0:3 
639	50	2:32 0:14 1:4 
640	50	0:35 1:4 2:11 
641	50	0:46 1:2 2:2 
642	50	0:20 2:12 1:18 
643	50	0:20 1:10 2:20 
644	50	0:16 2:13 1:21 
645	50	2:32 0:7 1:11 
646	50	2:46 0:3 1:1 
647	50	0:27 2:15 1:8 
648	50	1:32 0:10 2:8 
649	50	2:48 1:1 0:1 
650	50	2:27 0:21 1:2 
651	50	0:23 2:18 1:9 
652	50	0:8 1:22 2:20 
653	50	2:13 0:17 1:20 
654	50	0:41 1:6 2:3 
655	50	2:44 0:4 1:2 
656	50	1:20 2:27 0:3 
657	50	1:29 0:19 2:2 
658	50	1:5 0:38 2:7 
659	50	2:5 0:29 1:16 
660	50	0:48 1:2 
661	50	2:16 1:30 0:4 
662	50	1:14 0:26 2:10 
663	50	0:11 2:11 1:28 
664	50	1:19 0:21 2:10 
665	50	1:13 0:20 2:17 
666	50	0:20 2:25 1:5 
667	50	1:44 2:5 0:1 
668	50	1:14 0:26 2:10 
669	50	1:25 2:23 0:2 
670	50	0:15 2:2 1:33 
671	50	0:31 1:19 
672	50	1:12 2:35 0:3 
673	50	0:24 1:13 2:13 
674	50	1:30 0:8 2:12 
675	50	1:37 2:12 0:1 
676	50	1:22 2:10 0:18 
677	50	0:19 2:8 1:23 
678	50	1:24 2:23 0:3 
679	50	0:16 2:24 1:10 
680	50	2:24 0:26 
681	50	2:17 1:14 0:19 
682	50	0:16 1:18 2:16 
683	50	0:9 1:34 2:7 
684	50	2:27 0:2 1:21 
685	50	1:21 2:23 0:6 
686	50	0:13 1:37 
687	50	1:34 0:14 2:2 
688	50	0:13 1:23 2:14 
689	50	0:24 2:16 1:10 
690	50	1:15 0:28 2:7 
691	50	1:43 2:7 
692	50	1:20 0:24 2:6 
693	50	1:25 0:19 2:6 
694	50	2:30 0:13 1:7 
695	50	1:10 2:37 0:3 
696	50	0:20 2:27 1:3 
697	50	1:29 0:12 2:9 
698	50	1:30 0:19 2:1 
699	50	1:20 2:24 0:6 
700	50	1:30 0:12 2:8 
701	50	1:17 2:13 0:20 
702	50	1:13 0:9 2:28 
703	50	1:18 2:26 0:6 
704	50	1:41 0:6 2:3 
705	50	1:19 0:19 2:12 
706	50	2:8 0:15 1:27 
707	50	1:31 0:10 2:9 
708	50	1:9 2:16 0:25 
709	50	0:26 1:10 2:14 
710	50	0:32 1:17 2:1 
711	50	0:14 1:29 2:7 
712	50	2:15 1:26 0:9 
713	50	2:33 0:17 
714	50	1:27 0:9 2:14 
715	50	1:8 0:30 2:12 
716	50	1:14 0:36 
717	50	1:29 2:12 0:9 
718	50	2:23 0:20 1:7 
719	50	1:12 2:24 0:14 
720	50	1:11 2:20 0:19 
721	50	0:19 2:31 
722	50	1:44 0:6 
723	50	2:24 0:11 1:15 
724	50	0:23 2:10 1:17 
725	50	2:20 0:14 1:16 
726	50	2:46 1:3 0:1 
727	50	1:3 0:43 2:4 
728	50	1:34 0:12 2:4 
729	50	0:33 2:14 1:3 
730	50	0:30 2:9 1:11 
731	50	2:42 0:7 1:1 
732	50	1:19 0:24 2:7 
733	50	2:42 1:7 0:1 
734	50	2:29 1:8 0:13 
735	50	1:22 0:28 
736	50	1:20 2:22 0:8 
737	50	1:4 0:38 2:8 
738	50	0:23 1:16 2:11 
739	50	0:44 2:6 
740	50	1:32 2:17 0:1 
741	50	0:41 2:6 1:3 
742	50	2:35 1:9 0:6 
743	50	0:24 2:20 1:6 
744	50	0:28 2:22 
745	50	2:25 1:13 0:12 
746	50	0:6 2:23 1:21 
747	50	1:11 0:27 2:12 
748	50	0:1 1:10 2:39 
749	50	0:26 1:13 2:11 
750	50	1:44 2:3 0:3 
751	50	1:44 2:5 0:1 
752	50	0:42 1:7 2:1 
753	50	2:35 1:14 0:1 
754	50	1:3 0:32 2:15 
755	50	2:43 0:5 1:2 
756	50	2:47 0:3 
757	50	0:24 2:23 1:3 
758	50	0:23 2:24 1:3 
759	50	0:20 2:17 1:13 
760	50	1:30 0:11 2:9 
761	50	2:12 1:33 0:5 
762	50	1:48 2:1 0:1 
763	50	0:24 1:24 2:2 
764	50	1:12 0:23 2:15 
765	50	1:14 2:14 0:22 
766	50	1:24 2:24 0:2 
767	50	2:3 0:45 1:2 
768	50	1:10 2:21 0:19 
769	50	1:28 2:19 0:3 
770	50	2:18 0:20 1:12 
771	50	0:21 1:22 2:7 
772	50	1:26 0:14 2:10 
773	50	2:24 1:6 0:20 
774	50	2:38 0:11 1:1 
775	50	1:32 0:12 2:6 
776	50	0:8 1:34 2:8 
777	50	2:27 0:13 1:10 
778	50	1:3 0:34 2:13 
779	50	2:41 1:7 0:2 
780	50	1:37 2:3 0:10 
781	50	2:26 0:15 1:9 
782	50	2:7 1:37 0:6 
783	50	0:34 1:16 
784	50	2:23 1:10 0:17 
785	50	1:47 0:2 2:1 
786	50	2:41 0:6 1:3 
787	50	0:12 2:20 1:18 
788	50	1:30 0:20 
789	50	1:21 0:12 2:17 
790	50	1:32 2:16 0:2 
791	50	1:24 2:21 0:5 
792	50	2:7 1:33 0:10 
793	50	2:37 1:2 0:11 
794	50	1:7 0:43 
795	50	0:45 1:2 2:3 
796	50	2:27 1:12 0:11 
797	50	2:21 0:22 1:7 
798	50	2:27 0:14 1:9 
799	50	1:26 0:13 2:11 
800	50	2:44 1:4 0:2 
801	50	1:26 0:21 2:3 
802	50	1:18 2:28 0:4 
803	50	2:32 1:12 0:6 
804	50	1:30 2:15 0:5 
805	50	1:14 2:31 0:5 
806	50	1:36 0:7 2:7 
807	50	0:29 1:18 2:3 
808	50	0:34 2:8 1:8 
809	50	2:14 0:35 1:1 
810	50	0:14 2:33 1:3 
811	50	2:9 0:12 1:29 
812	50	0:32 2:14 1:4 
813	50	2:39 0:11 
814	50	0:14 2:15 1:21 
815	50	1:39 2:8 0:3 
816	50	0:20 1:13 2:17 
817	50	1:33 0:14 2:3 
818	50	0:17 2:33 
819	50	2:17 1:33 
820	50	0:18 2:22 1:10 
821	50	2:42 1:8 
822	50	0:3 1:33 2:14 
823	50	1:14 0:26 2:10 
824	50	2:35 0:5 1:10 
825	50	0:8 2:34 1:8 
826	50	0:42 1:8 
827	50	1:40 2:9 0:1 
828	50	0:42 2:2 1:6 
829	50	2:37 1:11 0:2 
830	50	0:25 1:15 2:10 
831	50	0:37 1:3 2:10 
832	50	2:23 0:16 1:11 
833	50	0:33 1:12 2:5 
834	50	1:9 2:30 0:11 
835	50	1:12 0:35 2:3 
836	50	1:37 2:10 0:3 
837	50	1:36 0:14 
838	50	1:29 2:17 0:4 
839	50	1:13 0:37 
840	50	0:27 1:19 2:4 
841	50	2:22 1:22 0:6 
842	50	1:29 2:15 0:6 
843	50	2:32 0:6 1:12 
844	50	2:25 0:20 1:5 
845	50	2:42 0:5 1:3 
846	50	2:8 0:31 1:11 
847	50	1:28 0:14 2:8 
848	50	2:17 1:27 0:6 
849	50	2:18 1:26 0:6 
850	50	2:22 1:19 0:9 
851	50	1:26 2:13 0:11 
852	50	2:21 1:28 0:1 
853	50	1:6 0:43 2:1 
854	50	1:21 0:20 2:9 
855	50	2:5 0:21 1:24 
856	50	1:29 0:14 2:7 
857	50	2:10 1:19 0:21 
858	50	1:11 2:22 0:17 
859	50	0:16 2:31 1:3 
860	50	0:27 2:8 1:15 
861	50	1:16 2:25 0:9 
862	50	1:12 2:37 0:1 
863	50	1:32 0:18 
864	50	0:27 2:19 1:4 
865	50	0:41 2:8 1:1 
866	50	1:15 2:11 0:24 
867	50	0:19 1:28 2:3 
868	50	2:17 1:26 0:7 
869	50	1:29 2:15 0:6 
870	50	2:35 0:9 1:6 
871	50	2:13 0:26 1:11 
872	50	2:25 1:25 
873	50	2:35 1:15 
874	50	0:16 1:17 2:17 
875	50	2:31 1:4 0:15 
876	50	0:17 1:26 2:7 
877	50	1:8 0:22 2:20 
878	50	2:12 0:27 1:11 
879	50	1:22 0:19 2:9 
880	50	0:11 1:38 2:1 
881	50	0:15 1:33 2:2 
882	50	2:35 0:7 1:8 
883	50	0:28 2:15 1:7 
884	50	2:35 1:15 
885	50	0:33 2:15 1:2 
886	50	2:15 1:30 0:5 
887	50	0:16 1:31 2:3 
888	50	1:21 0:9 2:20 
889	50	2:45 0:4 1:1 
890	50	2:43 0:7 
891	50	2:17 1:32 0:1 
892	50	2:32 0:18 
893	50	2:34 0:13 1:3 
894	50	1:38 0:10 2:2 
895	50	0:20 2:14 1:16 
896	50	1:9 2:26 0:15 
897	50	2:16 0:18 1:16 
898	50	0:18 1:22 2:10 
899	50	0:23 1:14 2:13 
900	50	2:34 0:15 1:1 
901	50	2:43 1:6 0:1 
902	50	1:44 2:4 0:2 
903	50	1:32 2:10 0:8 
904	50	0:24 2:12 1:14 
905	50	2:15 0:33 1:2 
906	50	2:14 1:33 0:3 
907	50	0:30 2:6 1:14 
908	50	1:36 0:6 2:8 
909	50	0:24 1:25 2:1 
910	50	0:21 1:15 2:14 
911	50	0:44 2:2 1:4 
912	50	0:48 1:2 
913	50	1:42 2:6 0:2 
914	50	1:15 2:23 0:12 
915	50	2:44 1:3 0:3 
916	50	1:49 2:1 
917	50	2:26 1:8 0:16 
918	50	2:35 1:15 
919	50	2:47 1:3 
920	50	2:22 1:24 0:4 
921	50	2:11 1:3 0:36 
922	50	0:29 1:19 2:2 
923	50	2:45 1:5 
924	50	1:41 2:3 0:6 
925	50	2:36 1:12 0:2 
926	50	0:11 1:29 2:10 
927	50	1:38 2:7 0:5 
928	50	1:11 0:39 
929	50	1:23 2:21 0:6 
930	50	1:31 0:8 2:11 
931	50	2:24 1:25 0:1 
932	50	0:26 1:23 2:1 
933	50	1:31 2:16 0:3 
934	50	1:30 2:2 0:18 
935	50	0:5 1:37 2:8 
936	50	2:39 1:4 0:7 
937	50	2:30 1:13 0:7 
938	50	0:14 2:25 1:11 
939	50	0:42 1:5 2:3 
940	50	2:29 1:13 0:8 
941	50	2:25 1:10 0:15 
942	50	1:38 0:11 2:1 
943	50	1:24 2:18 0:8 
944	50	1:29 0:4 2:17 
945	50	1:28 2:16 0:6 
946	50	0:14 1:19 2:17 
947	50	2:22 0:23 1:5 
948	50	2:22 0:9 1:19 
949	50	1:20 0:27 2:3 
950	50	2:30 1:20 
951	50	2:11 0:22 1:17 
952	50	1:30 0:18 2:2 
953	50	1:38 2:8 0:4 
954	50	0:31 2:12 1:7 
955	50	0:21 1:18 2:11 
956	50	1:36 2:6 0:8 
957	50	0:10 2:35 1:5 
958	50	0:33 2:9 1:8 
959	50	1:7 0:30 2:13 
960	50	2:36 1:3 0:11 
961	50	2:29 0:5 1:16 
962	50	0:22 1:17 2:11 
963	50	2:26 0:21 1:3 
964	50	2:23 0:4 1:23 
965	50	1:39 0:6 2:5 
966	50	1:11 0:27 2:12 
967	50	1:24 2:13 0:13 
968	50	0:19 2:24 1:7 
969	50	2:35 1:15 
970	50	2:46 0:4 
971	50	2:21 1:18 0:11 
972	50	0:50 
973	50	1:21 2:28 0:1 
974	50	1:27 0:22 2:1 
975	50	2:11 0:26 1:13 
976	50	1:17 0:25 2:8 
977	50	0:26 1:18 2:6 
978	50	0:35 1:12 2:3 
979	50	0:42 2:7 1:1 
980	50	0:28 1:17 2:5 
981	50	2:41 0:2 1:7 
982	50	1:28 0:18 2:4 
983	50	2:23 0:24 1:3 
984	50	2:42 0:5 1:3 
985	50	1:23 2:14 0:13 
986	50	2:30 0:16 1:4 
987	50	2:2 1:2 0:46 
988	50	1:25 2:6 0:19 
989	50	0:18 2:27 1:5 
990	50	2:4 1:25 0:21 
991	50	1:13 2:8 0:29 
992	50	0:24 1:13 2:13 
993	50	0:6 2:42 1:2 
994	50	0:34 1:12 2:4 
995	50	2:33 1:17 
996	50	0:7 1:39 2:4 
997	50	0:3 2:37 1:10 
998	50	2:16 0:32 1:2 
999	50	0:29 1:15 2:6 
