0	100	1:75 0:22 2:3 
1	100	0:26 1:66 2:8 
2	100	0:27 2:72 1:1 
3	100	0:33 2:57 1:10 
4	100	1:98 2:2 
5	100	2:86 1:14 
6	100	2:45 0:41 1:14 
7	100	0:77 2:22 1:1 
8	100	2:75 0:23 1:2 
9	100	0:1 1:38 2:61 
10	100	2:53 1:47 
11	100	2:86 1:14 
12	100	0:54 1:24 2:22 
13	100	2:53 1:26 0:21 
14	100	1:22 2:76 0:2 
15	100	0:87 1:7 2:6 
16	100	0:74 1:22 2:4 
17	100	2:62 0:35 1:3 
18	100	1:59 0:37 2:4 
19	100	0:14 2:77 1:9 
20	100	0:74 1:23 2:3 
21	100	1:72 2:26 0:2 
22	100	0:57 1:18 2:25 
23	100	1:81 2:5 0:14 
24	100	1:27 0:39 2:34 
25	100	2:51 1:43 0:6 
26	100	1:62 0:28 2:10 
27	100	2:57 1:13 0:30 
28	100	2:70 1:27 0:3 
29	100	2:61 1:39 
30	100	1:37 2:59 0:4 
31	100	1:79 0:15 2:6 
32	100	2:84 0:10 1:6 
33	100	2:25 1:75 
34	100	1:80 0:20 
35	100	1:41 2:52 0:7 
36	100	1:79 0:21 
37	100	1:84 0:14 2:2 
38	100	0:36 2:23 1:41 
39	100	2:85 0:7 1:8 
40	100	2:88 0:12 
41	100	1:75 0:25 
42	100	0:41 1:57 2:2 
43	100	0:45 2:42 1:13 
44	100	2:93 0:7 
45	100	1:25 2:72 0:3 
46	100	2:78 0:18 1:4 
47	100	1:89 0:2 2:9 
48	100	0:96 1:3 2:1 
49	100	1:91 2:5 0:4 
50	100	0:71 2:29 
51	100	2:38 0:32 1:30 
52	100	1:25 0:30 2:45 
53	100	2:66 0:7 1:27 
54	100	1:26 2:51 0:23 
55	100	0:35 1:60 2:5 
56	100	2:89 0:5 1:6 
57	100	1:76 2:13 0:11 
58	100	0:21 1:79 
59	100	0:81 2:18 1:1 
60	100	0:69 2:29 1:2 
61	100	1:44 0:37 2:19 
62	100	0:63 2:12 1:25 
63	100	0:74 2:18 1:8 
64	100	0:98 2:2 
65	100	2:93 1:4 0:3 
66	100	0:68 2:17 1:15 
67	100	2:6 0:29 1:65 
68	100	0:92 1:4 2:4 
69	100	1:61 0:28 2:11 
70	100	1:67 2:20 0:13 
71	100	0:44 1:31 2:25 
72	100	2:56 1:27 0:17 
73	100	1:69 2:30 0:1 
74	100	0:95 1:3 2:2 
75	100	0:99 1:1 
76	100	1:63 0:37 
77	100	0:21 2:68 1:11 
78	100	1:35 2:53 0:12 
79	100	2:41 0:36 1:23 
80	100	2:32 0:68 
81	100	0:31 2:62 1:7 
82	100	1:5 2:95 
83	100	2:81 1:18 0:1 
84	100	2:91 0:5 1:4 
85	100	0:98 2:1 1:1 
86	100	2:80 1:2 0:18 
87	100	2:62 0:29 1:9 
88	100	2:64 1:32 0:4 
89	100	0:51 1:46 2:3 
90	100	1:71 0:29 
91	100	2:39 0:50 1:11 
92	100	2:69 0:29 1:2 
93	100	1:6 2:45 0:49 
94	100	0:46 1:54 
95	100	0:63 2:33 1:4 
96	100	1:72 2:27 0:1 
97	100	1:91 0:9 
98	100	0:9 1:91 
99	100	1:23 2:23 0:54 
100	100	1:95 0:5 
101	100	0:47 2:52 1:1 
102	100	1:54 0:46 
103	100	1:89 2:11 
104	100	2:53 1:47 
105	100	0:53 2:36 1:11 
106	100	1:20 2:73 0:7 
107	100	2:73 1:27 
108	100	2:57 1:43 
109	100	0:76 1:21 2:3 
110	100	2:45 0:54 1:1 
111	100	1:96 2:3 0:1 
112	100	1:75 2:23 0:2 
113	100	1:100 
114	100	1:55 2:45 
115	100	1:60 2:18 0:22 
116	100	0:17 1:83 
117	100	2:76 1:16 0:8 
118	100	0:27 1:68 2:5 
119	100	2:26 0:72 1:2 
120	100	0:46 1:54 
121	100	1:17 2:59 0:24 
122	100	1:38 0:54 2:8 
123	100	2:94 0:3 1:3 
124	100	2:54 1:43 0:3 
125	100	2:63 1:32 0:5 
126	100	2:84 0:15 1:1 
127	100	1:79 0:13 2:8 
128	100	0:68 2:31 1:1 
129	100	0:4 1:95 2:1 
130	100	1:75 0:5 2:20 
131	100	1:50 2:32 0:18 
132	100	2:82 1:18 
133	100	0:94 2:3 1:3 
134	100	1:99 0:1 
135	100	1:37 0:34 2:29 
136	100	2:61 0:39 
137	100	1:69 2:29 0:2 
138	100	0:51 2:43 1:6 
139	100	1:17 2:76 0:7 
140	100	0:40 2:50 1:10 
141	100	0:9 2:32 1:59 
142	100	2:86 0:3 1:11 
143	100	2:60 1:35 0:5 
144	100	2:21 0:50 1:29 
145	100	0:67 1:33 
146	100	0:94 2:4 1:2 
147	100	2:7 0:91 1:2 
148	100	2:74 1:12 0:14 
149	100	0:41 2:19 1:40 
150	100	2:41 1:28 0:31 
151	100	1:100 
152	100	2:19 0:31 1:50 
153	100	0:21 1:26 2:53 
154	100	2:42 0:27 1:31 
155	100	2:14 1:66 0:20 
156	100	1:73 0:22 2:5 
157	100	0:86 2:12 1:2 
158	100	0:46 1:54 
159	100	1:92 2:8 
160	100	1:90 2:9 0:1 
161	100	2:53 1:47 
162	100	2:98 1:2 
163	100	2:6 1:93 0:1 
164	100	2:82 1:17 0:1 
165	100	1:86 2:13 0:1 
166	100	1:93 0:6 2:1 
167	100	1:46 2:23 0:31 
168	100	2:57 1:26 0:17 
169	100	2:68 0:32 
170	100	1:62 2:35 0:3 
171	100	1:6 0:55 2:39 
172	100	2:42 1:58 
173	100	1:60 0:26 2:14 
174	100	1:19 2:44 0:37 
175	100	0:61 1:39 
176	100	2:86 0:11 1:3 
177	100	0:34 1:66 
178	100	1:20 2:79 0:1 
179	100	0:71 2:8 1:21 
180	100	0:64 2:31 1:5 
181	100	0:62 2:27 1:11 
182	100	0:69 1:3 2:28 
183	100	2:86 1:12 0:2 
184	100	2:82 0:18 
185	100	2:90 1:10 
186	100	0:92 1:1 2:7 
187	100	1:21 0:32 2:47 
188	100	1:34 0:17 2:49 
189	100	1:92 0:6 2:2 
190	100	2:13 0:81 1:6 
191	100	1:21 0:78 2:1 
192	100	1:52 2:46 0:2 
193	100	2:86 1:13 0:1 
194	100	1:43 2:56 0:1 
195	100	2:88 1:12 
196	100	0:73 2:23 1:4 
197	100	1:55 0:42 2:3 
198	100	1:36 0:14 2:50 
199	100	2:58 0:40 1:2 
200	100	1:64 0:32 2:4 
201	100	1:37 0:57 2:6 
202	100	2:81 1:19 
203	100	2:84 1:13 0:3 
204	100	2:80 1:20 
205	100	1:93 2:5 0:2 
206	100	0:79 2:15 1:6 
207	100	2:90 1:10 
208	100	0:81 1:10 2:9 
209	100	0:92 1:5 2:3 
210	100	0:79 1:14 2:7 
211	100	0:12 2:87 1:1 
212	100	2:49 1:51 
213	100	1:39 2:56 0:5 
214	100	0:41 2:17 1:42 
215	100	0:10 1:77 2:13 
216	100	0:64 1:30 2:6 
217	100	0:95 1:1 2:4 
218	100	0:25 1:73 2:2 
219	100	2:73 1:7 0:20 
220	100	2:98 1:2 
221	100	2:34 0:10 1:56 
222	100	1:73 2:23 0:4 
223	100	0:41 1:53 2:6 
224	100	2:94 1:1 0:5 
225	100	2:98 0:2 
226	100	2:69 0:25 1:6 
227	100	1:80 2:19 0:1 
228	100	1:62 2:29 0:9 
229	100	0:41 1:27 2:32 
230	100	0:66 2:16 1:18 
231	100	2:71 1:20 0:9 
232	100	2:52 1:19 0:29 
233	100	0:21 1:79 
234	100	1:87 0:10 2:3 
235	100	2:79 1:21 
236	100	2:53 0:37 1:10 
237	100	2:68 1:31 0:1 
238	100	1:95 2:5 
239	100	1:57 0:23 2:20 
240	100	0:88 1:7 2:5 
241	100	0:18 1:80 2:2 
242	100	0:12 2:62 1:26 
243	100	1:27 2:52 0:21 
244	100	0:66 2:34 
245	100	1:64 2:36 
246	100	0:51 2:49 
247	100	2:49 1:49 0:2 
248	100	1:84 2:9 0:7 
249	100	0:40 2:14 1:46 
250	100	1:71 0:28 2:1 
251	100	2:49 0:51 
252	100	2:14 0:83 1:3 
253	100	0:54 2:46 
254	100	0:98 2:1 1:1 
255	100	0:61 2:28 1:11 
256	100	2:19 0:80 1:1 
257	100	1:71 2:27 0:2 
258	100	0:18 1:71 2:11 
259	100	2:47 0:24 1:29 
260	100	0:46 1:47 2:7 
261	100	2:59 1:33 0:8 
262	100	1:49 0:49 2:2 
263	100	2:90 0:10 
264	100	0:18 1:27 2:55 
265	100	1:62 2:32 0:6 
266	100	2:16 1:79 0:5 
267	100	1:96 2:3 0:1 
268	100	1:17 2:67 0:16 
269	100	2:61 0:38 1:1 
270	100	2:29 0:36 1:35 
271	100	2:20 1:62 0:18 
272	100	1:60 0:38 2:2 
273	100	0:72 2:15 1:13 
274	100	0:79 2:15 1:6 
275	100	2:69 1:31 
276	100	1:70 2:30 
277	100	1:40 2:48 0:12 
278	100	0:88 1:1 2:11 
279	100	2:37 1:58 0:5 
280	100	1:22 0:71 2:7 
281	100	0:30 2:70 
282	100	0:48 2:14 1:38 
283	100	0:49 1:51 
284	100	1:65 0:24 2:11 
285	100	0:34 2:54 1:12 
286	100	0:41 1:59 
287	100	2:26 0:62 1:12 
288	100	0:44 1:36 2:20 
289	100	1:97 2:1 0:2 
290	100	0:97 1:1 2:2 
291	100	1:40 0:29 2:31 
292	100	2:23 1:18 0:59 
293	100	1:53 0:47 
294	100	1:42 0:31 2:27 
295	100	0:98 1:2 
296	100	1:74 0:20 2:6 
297	100	1:78 0:5 2:17 
298	100	2:4 0:71 1:25 
299	100	0:58 2:24 1:18 
300	100	1:88 0:11 2:1 
301	100	1:84 2:16 
302	100	1:14 0:57 2:29 
303	100	1:55 2:34 0:11 
304	100	2:63 0:35 1:2 
305	100	2:46 1:34 0:20 
306	100	1:28 0:68 2:4 
307	100	2:26 0:57 1:17 
308	100	0:58 1:39 2:3 
309	100	0:27 1:41 2:32 
310	100	0:68 2:27 1:5 
311	100	0:54 1:7 2:39 
312	100	2:63 0:22 1:15 
313	100	0:79 2:21 
314	100	1:18 2:56 0:26 
315	100	2:35 1:61 0:4 
316	100	2:88 1:12 
317	100	0:65 2:34 1:1 
318	100	0:96 1:1 2:3 
319	100	0:100 
320	100	0:81 2:15 1:4 
321	100	2:94 0:3 1:3 
322	100	0:49 1:29 2:22 
323	100	0:53 1:41 2:6 
324	100	2:75 1:22 0:3 
325	100	1:86 0:10 2:4 
326	100	2:59 0:39 1:2 
327	100	2:57 1:42 0:1 
328	100	0:98 1:2 
329	100	1:93 2:7 
330	100	1:82 2:2 0:16 
331	100	2:72 0:27 1:1 
332	100	2:98 1:1 0:1 
333	100	0:80 1:9 2:11 
334	100	0:79 2:19 1:2 
335	100	0:96 2:4 
336	100	0:65 1:11 2:24 
337	100	1:83 2:12 0:5 
338	100	2:24 0:53 1:23 
339	100	2:67 1:19 0:14 
340	100	1:81 2:19 
341	100	1:38 2:52 0:10 
342	100	0:27 1:53 2:20 
343	100	1:65 0:34 2:1 
344	100	2:46 1:52 0:2 
345	100	1:92 0:5 2:3 
346	100	1:35 0:65 
347	100	0:83 2:12 1:5 
348	100	0:29 2:54 1:17 
349	100	2:91 1:9 
350	100	0:38 2:59 1:3 
351	100	2:80 0:18 1:2 
352	100	0:38 2:45 1:17 
353	100	2:34 0:65 1:1 
354	100	0:38 2:45 1:17 
355	100	1:94 2:4 0:2 
356	100	1:90 2:8 0:2 
357	100	0:94 2:6 
358	100	1:98 2:2 
359	100	2:25 0:75 
360	100	0:64 1:26 2:10 
361	100	1:73 0:4 2:23 
362	100	1:66 2:33 0:1 
363	100	0:86 1:6 2:8 
364	100	1:69 0:30 2:1 
365	100	2:11 1:75 0:14 
366	100	0:97 1:2 2:1 
367	100	0:99 1:1 
368	100	1:33 2:59 0:8 
369	100	2:68 0:30 1:2 
370	100	0:46 1:50 2:4 
371	100	2:63 1:11 0:26 
372	100	1:31 0:52 2:17 
373	100	2:26 1:74 
374	100	0:42 1:56 2:2 
375	100	0:6 2:60 1:34 
376	100	2:42 0:22 1:36 
377	100	0:32 1:67 2:1 
378	100	2:55 0:44 1:1 
379	100	1:24 0:72 2:4 
380	100	2:10 1:84 0:6 
381	100	2:74 1:2 0:24 
382	100	1:31 0:64 2:5 
383	100	0:68 2:15 1:17 
384	100	2:100 
385	100	1:10 0:87 2:3 
386	100	2:97 0:3 
387	100	0:92 2:5 1:3 
388	100	1:99 0:1 
389	100	2:90 0:9 1:1 
390	100	1:87 2:10 0:3 
391	100	2:55 0:38 1:7 
392	100	0:67 2:26 1:7 
393	100	2:57 0:25 1:18 
394	100	2:34 0:61 1:5 
395	100	2:63 1:15 0:22 
396	100	1:70 0:30 
397	100	1:7 0:90 2:3 
398	100	2:53 1:30 0:17 
399	100	0:99 2:1 
400	100	2:69 0:13 1:18 
401	100	0:96 1:3 2:1 
402	100	0:7 1:77 2:16 
403	100	2:38 0:54 1:8 
404	100	0:57 2:7 1:36 
405	100	0:66 1:34 
406	100	2:47 0:53 
407	100	2:23 1:47 0:30 
408	100	1:71 0:29 
409	100	1:56 0:44 
410	100	2:53 0:19 1:28 
411	100	2:81 0:18 1:1 
412	100	0:10 2:33 1:57 
413	100	0:96 2:4 
414	100	0:94 2:3 1:3 
415	100	2:11 1:84 0:5 
416	100	2:53 0:47 
417	100	1:99 0:1 
418	100	2:58 0:31 1:11 
419	100	0:51 2:49 
420	100	1:57 0:4 2:39 
421	100	2:48 0:51 1:1 
422	100	0:75 2:21 1:4 
423	100	1:40 2:30 0:30 
424	100	2:78 1:21 0:1 
425	100	2:39 1:49 0:12 
426	100	1:91 0:9 
427	100	2:18 0:74 1:8 
428	100	1:77 0:23 
429	100	2:63 0:37 
430	100	1:39 2:60 0:1 
431	100	2:8 1:13 0:79 
432	100	2:53 0:36 1:11 
433	100	2:48 1:48 0:4 
434	100	2:79 0:18 1:3 
435	100	1:43 0:37 2:20 
436	100	0:52 2:4 1:44 
437	100	1:9 2:55 0:36 
438	100	0:89 2:11 
439	100	2:100 
440	100	2:32 1:40 0:28 
441	100	2:56 0:23 1:21 
442	100	1:56 0:11 2:33 
443	100	1:29 2:16 0:55 
444	100	0:92 2:5 1:3 
445	100	2:94 1:6 
446	100	2:45 0:55 
447	100	2:65 1:9 0:26 
448	100	1:8 2:47 0:45 
449	100	1:70 0:15 2:15 
450	100	1:44 0:56 
451	100	2:46 1:53 0:1 
452	100	1:47 0:45 2:8 
453	100	0:96 1:4 
454	100	0:51 1:31 2:18 
455	100	0:71 2:4 1:25 
456	100	2:62 1:18 0:20 
457	100	2:38 0:61 1:1 
458	100	0:97 1:1 2:2 
459	100	0:65 2:23 1:12 
460	100	2:86 1:13 0:1 
461	100	1:57 0:40 2:3 
462	100	2:90 1:10 
463	100	0:25 1:19 2:56 
464	100	0:21 2:55 1:24 
465	100	2:79 1:16 0:5 
466	100	1:14 2:61 0:25 
467	100	2:86 1:11 0:3 
468	100	2:29 1:71 
469	100	2:83 0:17 
470	100	2:76 0:22 1:2 
471	100	1:65 2:29 0:6 
472	100	0:75 1:22 2:3 
473	100	1:76 2:8 0:16 
474	100	0:73 1:25 2:2 
475	100	2:94 0:6 
476	100	2:16 0:52 1:32 
477	100	1:82 2:18 
478	100	1:83 0:9 2:8 
479	100	2:63 0:34 1:3 
480	100	0:54 1:44 2:2 
481	100	1:50 2:50 
482	100	2:20 0:78 1:2 
483	100	2:58 1:35 0:7 
484	100	0:62 1:33 2:5 
485	100	2:91 1:9 
486	100	1:48 0:43 2:9 
487	100	0:44 1:56 
488	100	2:87 0:13 
489	100	1:35 0:55 2:10 
490	100	1:48 2:21 0:31 
491	100	0:34 2:43 1:23 
492	100	1:84 2:14 0:2 
493	100	1:38 2:62 
494	100	2:17 0:33 1:50 
495	100	1:81 0:18 2:1 
496	100	0:82 2:18 
497	100	2:73 0:27 
498	100	0:52 2:30 1:18 
499	100	0:57 2:24 1:19 
500	100	2:60 0:35 1:5 
501	100	0:78 2:15 1:7 
502	100	0:94 2:5 1:1 
503	100	0:69 1:13 2:18 
504	100	0:21 1:75 2:4 
505	100	1:93 0:3 2:4 
506	100	2:25 0:28 1:47 
507	100	0:17 1:26 2:57 
508	100	2:59 1:30 0:11 
509	100	0:70 1:30 
510	100	0:94 1:5 2:1 
511	100	1:79 2:15 0:6 
512	100	1:40 0:41 2:19 
513	100	0:83 2:9 1:8 
514	100	0:8 2:45 1:47 
515	100	2:57 1:43 
516	100	2:99 1:1 
517	100	0:75 2:11 1:14 
518	100	0:15 1:40 2:45 
519	100	1:83 0:16 2:1 
520	100	0:31 1:62 2:7 
521	100	2:88 0:12 
522	100	1:54 2:46 
523	100	1:66 2:34 
524	100	2:29 1:71 
525	100	2:59 1:39 0:2 
526	100	2:22 0:76 1:2 
527	100	2:48 0:29 1:23 
528	100	2:15 0:81 1:4 
529	100	1:64 2:36 
530	100	2:24 0:28 1:48 
531	100	2:60 0:35 1:5 
532	100	0:89 2:7 1:4 
533	100	2:79 0:20 1:1 
534	100	2:77 1:11 0:12 
535	100	1:67 2:33 
536	100	1:52 0:48 
537	100	2:59 0:41 
538	100	0:90 2:8 1:2 
539	100	1:45 2:19 0:36 
540	100	2:76 0:4 1:20 
541	100	0:78 1:10 2:12 
542	100	1:89 0:11 
543	100	0:67 2:19 1:14 
544	100	0:82 1:17 2:1 
545	100	2:25 1:27 0:48 
546	100	2:32 0:66 1:2 
547	100	0:26 1:71 2:3 
548	100	1:72 2:25 0:3 
549	100	0:80 2:20 
550	100	2:9 1:91 
551	100	0:99 1:1 
552	100	2:56 0:38 1:6 
553	100	0:38 2:17 1:45 
554	100	1:60 2:12 0:28 
555	100	2:41 0:22 1:37 
556	100	0:22 2:76 1:2 
557	100	1:62 2:26 0:12 
558	100	1:61 0:36 2:3 
559	100	2:99 1:1 
560	100	2:68 1:20 0:12 
561	100	0:84 2:15 1:1 
562	100	0:34 1:62 2:4 
563	100	1:54 2:45 0:1 
564	100	1:99 2:1 
565	100	0:80 1:15 2:5 
566	100	1:68 0:32 
567	100	2:77 0:23 
568	100	0:46 2:45 1:9 
569	100	2:79 0:21 
570	100	0:90 2:10 
571	100	1:2 0:46 2:52 
572	100	2:17 0:80 1:3 
573	100	0:37 1:60 2:3 
574	100	1:55 2:19 0:26 
575	100	2:33 1:58 0:9 
576	100	1:88 2:12 
577	100	0:41 2:22 1:37 
578	100	1:9 2:50 0:41 
579	100	2:67 1:28 0:5 
580	100	2:35 0:47 1:18 
581	100	2:43 1:43 0:14 
582	100	0:92 2:5 1:3 
583	100	2:84 0:14 1:2 
584	100	0:90 2:8 1:2 
585	100	1:11 2:75 0:14 
586	100	1:56 0:42 2:2 
587	100	2:24 0:74 1:2 
588	100	1:13 2:52 0:35 
589	100	2:38 0:58 1:4 
590	100	1:87 2:12 0:1 
591	100	1:83 0:17 
592	100	0:66 1:24 2:10 
593	100	1:77 0:23 
594	100	1:84 0:13 2:3 
595	100	2:89 1:11 
596	100	1:26 0:59 2:15 
597	100	0:94 2:6 
598	100	1:80 2:20 
599	100	1:78 0:21 2:1 
600	100	0:74 1:15 2:11 
601	100	2:73 1:16 0:11 
602	100	0:73 2:26 1:1 
603	100	1:79 0:13 2:8 
604	100	1:44 0:42 2:14 
605	100	0:27 1:62 2:11 
606	100	1:97 2:3 
607	100	0:13 2:81 1:6 
608	100	0:41 2:58 1:1 
609	100	1:41 0:51 2:8 
610	100	0:68 2:32 
611	100	0:89 2:11 
612	100	2:48 0:52 
613	100	0:49 1:45 2:6 
614	100	1:47 2:53 
615	100	2:92 1:4 0:4 
616	100	1:50 0:4 2:46 
617	100	0:43 1:56 2:1 
618	100	2:97 0:3 
619	100	0:22 1:3 2:75 
620	100	0:73 2:18 1:9 
621	100	2:82 0:3 1:15 
622	100	2:47 0:46 1:7 
623	100	2:96 1:4 
624	100	1:93 0:6 2:1 
625	100	0:98 2:1 1:1 
626	100	2:43 1:54 0:3 
627	100	2:29 1:68 0:3 
628	100	1:90 0:10 
629	100	2:45 1:44 0:11 
630	100	0:39 2:37 1:24 
631	100	2:84 1:16 
632	100	1:81 0:4 2:15 
633	100	0:83 2:11 1:6 
634	100	2:96 0:4 
635	100	2:86 1:13 0:1 
636	100	0:84 2:10 1:6 
637	100	2:76 1:7 0:17 
638	100	1:89 2:8 0:3 
639	100	1:45 2:40 0:15 
640	100	1:64 2:36 
641	100	0:75 1:18 2:7 
642	100	0:32 2:67 1:1 
643	100	0:71 1:29 
644	100	2:52 1:47 0:1 
645	100	1:36 0:25 2:39 
646	100	0:84 2:15 1:1 
647	100	2:68 0:25 1:7 
648	100	0:30 2:69 1:1 
649	100	0:13 1:86 2:1 
650	100	0:74 1:26 
651	100	2:83 0:3 1:14 
652	100	2:61 1:31 0:8 
653	100	2:54 0:37 1:9 
654	100	2:82 1:15 0:3 
655	100	2:67 1:33 
656	100	2:43 1:41 0:16 
657	100	2:51 1:46 0:3 
658	100	1:46 0:42 2:12 
659	100	0:93 1:7 
660	100	1:39 2:44 0:17 
661	100	1:70 2:28 0:2 
662	100	0:92 2:8 
663	100	2:98 1:2 
664	100	2:89 1:11 
665	100	1:35 2:63 0:2 
666	100	1:76 0:24 
667	100	0:41 1:50 2:9 
668	100	2:52 1:36 0:12 
669	100	2:99 0:1 
670	100	1:94 2:6 
671	100	2:75 1:19 0:6 
672	100	1:31 0:54 2:15 
673	100	0:28 2:59 1:13 
674	100	0:93 1:5 2:2 
675	100	1:24 2:74 0:2 
676	100	1:100 
677	100	1:86 2:12 0:2 
678	100	2:19 1:43 0:38 
679	100	0:32 2:39 1:29 
680	100	0:66 1:13 2:21 
681	100	1:23 2:75 0:2 
682	100	2:93 1:4 0:3 
683	100	0:51 2:37 1:12 
684	100	0:70 1:5 2:25 
685	100	0:50 2:34 1:16 
686	100	1:29 2:57 0:14 
687	100	1:58 2:40 0:2 
688	100	1:91 2:9 
689	100	0:24 1:73 2:3 
690	100	2:70 1:28 0:2 
691	100	0:47 1:50 2:3 
692	100	1:85 0:14 2:1 
693	100	0:19 2:22 1:59 
694	100	0:79 2:10 1:11 
695	100	1:83 0:10 2:7 
696	100	0:27 1:70 2:3 
697	100	0:56 1:27 2:17 
698	100	0:94 2:3 1:3 
699	100	2:81 1:19 
700	100	0:84 2:12 1:4 
701	100	2:36 1:35 0:29 
702	100	2:85 1:14 0:1 
703	100	0:13 1:32 2:55 
704	100	0:42 1:54 2:4 
705	100	0:73 2:11 1:16 
706	100	0:87 1:9 2:4 
707	100	0:21 1:60 2:19 
708	100	0:60 2:32 1:8 
709	100	2:85 0:12 1:3 
710	100	2:92 1:6 0:2 
711	100	1:95 2:4 0:1 
712	100	2:7 0:16 1:77 
713	100	1:17 0:52 2:31 
714	100	2:41 0:29 1:30 
715	100	1:46 2:51 0:3 
716	100	1:94 2:3 0:3 
717	100	0:71 1:29 
718	100	2:45 0:27 1:28 
719	100	2:32 0:30 1:38 
720	100	2:87 1:13 
721	100	2:77 1:23 
722	100	0:72 1:28 
723	100	1:99 2:1 
724	100	2:84 0:14 1:2 
725	100	1:87 0:12 2:1 
726	100	2:10 1:71 0:19 
727	100	1:84 2:14 0:2 
728	100	0:94 1:4 2:2 
729	100	1:19 0:70 2:11 
730	100	1:71 2:23 0:6 
731	100	0:54 2:32 1:14 
732	100	2:4 1:57 0:39 
733	100	2:85 1:14 0:1 
734	100	2:36 1:63 0:1 
735	100	1:22 2:76 0:2 
736	100	1:69 0:28 2:3 
737	100	2:64 1:36 
738	100	2:14 1:81 0:5 
739	100	0:89 2:1 1:10 
740	100	1:83 0:15 2:2 
741	100	2:12 0:79 1:9 
742	100	1:89 2:8 0:3 
743	100	0:48 1:41 2:11 
744	100	1:34 2:37 0:29 
745	100	0:86 1:12 2:2 
746	100	1:82 0:13 2:5 
747	100	2:21 1:30 0:49 
748	100	2:42 1:58 
749	100	0:77 2:14 1:9 
750	100	2:80 0:19 1:1 
751	100	0:37 1:61 2:2 
752	100	0:11 1:43 2:46 
753	100	1:49 0:12 2:39 
754	100	0:81 1:19 
755	100	0:66 2:33 1:1 
756	100	0:95 1:5 
757	100	1:81 2:19 
758	100	2:78 1:10 0:12 
759	100	2:100 
760	100	1:56 0:35 2:9 
761	100	1:60 2:37 0:3 
762	100	0:91 1:6 2:3 
763	100	0:95 1:5 
764	100	1:93 2:7 
765	100	2:41 0:59 
766	100	0:78 1:22 
767	100	0:99 1:1 
768	100	2:93 1:4 0:3 
769	100	1:38 0:53 2:9 
770	100	0:96 2:1 1:3 
771	100	2:16 0:34 1:50 
772	100	2:26 1:73 0:1 
773	100	2:54 1:43 0:3 
774	100	2:89 1:2 0:9 
775	100	0:89 1:10 2:1 
776	100	0:48 1:38 2:14 
777	100	1:61 0:29 2:10 
778	100	2:100 
779	100	1:41 0:54 2:5 
780	100	0:24 2:44 1:32 
781	100	2:91 1:9 
782	100	0:10 1:74 2:16 
783	100	1:41 0:29 2:30 
784	100	1:15 0:55 2:30 
785	100	0:75 1:25 
786	100	0:3 2:96 1:1 
787	100	2:48 0:52 
788	100	2:75 1:25 
789	100	1:93 0:5 2:2 
790	100	1:73 0:19 2:8 
791	100	1:70 2:30 
792	100	1:75 0:21 2:4 
793	100	0:91 2:5 1:4 
794	100	0:93 1:7 
795	100	1:99 2:1 
796	100	2:48 0:30 1:22 
797	100	0:42 1:58 
798	100	1:31 2:67 0:2 
799	100	0:80 1:10 2:10 
800	100	1:83 2:15 0:2 
801	100	2:87 0:7 1:6 
802	100	1:50 0:50 
803	100	1:52 2:48 
804	100	0:36 1:24 2:40 
805	100	0:74 2:19 1:7 
806	100	1:80 2:19 0:1 
807	100	0:54 1:33 2:13 
808	100	2:55 1:39 0:6 
809	100	1:47 2:53 
810	100	0:24 2:69 1:7 
811	100	0:77 1:8 2:15 
812	100	0:69 2:14 1:17 
813	100	0:59 1:34 2:7 
814	100	1:97 0:2 2:1 
815	100	2:74 0:18 1:8 
816	100	2:79 1:13 0:8 
817	100	2:74 1:26 
818	100	0:24 1:58 2:18 
819	100	0:83 1:12 2:5 
820	100	1:98 0:2 
821	100	2:23 0:76 1:1 
822	100	0:33 1:61 2:6 
823	100	0:97 2:3 
824	100	2:26 1:74 
825	100	1:55 0:36 2:9 
826	100	2:53 0:16 1:31 
827	100	0:46 1:30 2:24 
828	100	1:36 0:62 2:2 
829	100	2:95 1:4 0:1 
830	100	2:92 0:7 1:1 
831	100	2:33 1:33 0:34 
832	100	1:84 2:7 0:9 
833	100	0:99 1:1 
834	100	1:58 0:30 2:12 
835	100	2:35 0:65 
836	100	2:99 1:1 
837	100	0:96 1:4 
838	100	2:43 1:57 
839	100	2:60 1:40 
840	100	0:94 2:3 1:3 
841	100	1:51 2:40 0:9 
842	100	2:35 0:64 1:1 
843	100	1:69 0:30 2:1 
844	100	1:35 0:59 2:6 
845	100	1:19 2:58 0:23 
846	100	2:99 1:1 
847	100	2:36 0:43 1:21 
848	100	1:63 0:33 2:4 
849	100	0:89 2:3 1:8 
850	100	0:14 1:36 2:50 
851	100	0:21 2:50 1:29 
852	100	1:35 2:62 0:3 
853	100	1:93 0:4 2:3 
854	100	2:86 1:14 
855	100	2:69 1:26 0:5 
856	100	1:72 0:27 2:1 
857	100	0:97 2:2 1:1 
858	100	1:82 0:18 
859	100	1:30 2:69 0:1 
860	100	0:10 2:61 1:29 
861	100	2:27 1:63 0:10 
862	100	1:92 2:3 0:5 
863	100	1:82 2:16 0:2 
864	100	1:85 2:8 0:7 
865	100	2:97 0:2 1:1 
866	100	0:49 2:9 1:42 
867	100	1:59 2:40 0:1 
868	100	0:100 
869	100	1:80 0:18 2:2 
870	100	2:56 1:32 0:12 
871	100	1:4 0:51 2:45 
872	100	0:52 1:19 2:29 
873	100	0:57 1:43 
874	100	0:83 1:8 2:9 
875	100	0:85 1:15 
876	100	1:37 0:59 2:4 
877	100	0:98 1:2 
878	100	1:25 0:75 
879	100	2:51 0:48 1:1 
880	100	2:86 1:12 0:2 
881	100	1:59 2:41 
882	100	2:35 1:60 0:5 
883	100	2:63 0:26 1:11 
884	100	2:71 0:27 1:2 
885	100	2:43 1:47 0:10 
886	100	1:49 0:51 
887	100	0:58 1:40 2:2 
888	100	2:76 0:14 1:10 
889	100	2:52 1:9 0:39 
890	100	2:15 0:46 1:39 
891	100	2:35 0:63 1:2 
892	100	2:76 0:23 1:1 
893	100	1:46 0:50 2:4 
894	100	2:59 1:40 0:1 
895	100	0:47 2:49 1:4 
896	100	2:54 0:46 
897	100	0:87 1:13 
898	100	2:57 1:39 0:4 
899	100	0:100 
900	100	1:15 2:68 0:17 
901	100	1:93 0:7 
902	100	2:89 1:7 0:4 
903	100	0:78 1:3 2:19 
904	100	1:80 0:14 2:6 
905	100	2:54 0:24 1:22 
906	100	2:68 1:32 
907	100	2:66 0:16 1:18 
908	100	0:81 1:17 2:2 
909	100	0:89 1:7 2:4 
910	100	1:13 0:87 
911	100	2:84 0:4 1:12 
912	100	1:77 0:21 2:2 
913	100	1:13 0:13 2:74 
914	100	0:84 1:16 
915	100	1:35 0:64 2:1 
916	100	2:82 0:15 1:3 
917	100	1:51 0:11 2:38 
918	100	0:65 2:32 1:3 
919	100	0:51 1:43 2:6 
920	100	1:59 2:30 0:11 
921	100	0:29 1:63 2:8 
922	100	0:66 2:25 1:9 
923	100	1:38 2:58 0:4 
924	100	2:63 1:34 0:3 
925	100	2:37 1:29 0:34 
926	100	1:62 2:9 0:29 
927	100	2:72 0:19 1:9 
928	100	2:61 0:25 1:14 
929	100	1:52 2:19 0:29 
930	100	1:72 2:28 
931	100	1:72 2:28 
932	100	2:83 1:15 0:2 
933	100	1:34 0:60 2:6 
934	100	1:84 0:3 2:13 
935	100	0:43 2:46 1:11 
936	100	0:56 2:25 1:19 
937	100	2:7 1:91 0:2 
938	100	2:74 1:23 0:3 
939	100	1:84 0:6 2:10 
940	100	0:91 1:2 2:7 
941	100	2:57 1:38 0:5 
942	100	0:81 1:19 
943	100	0:75 1:4 2:21 
944	100	2:54 0:44 1:2 
945	100	2:91 0:6 1:3 
946	100	1:68 2:24 0:8 
947	100	1:85 0:15 
948	100	1:66 2:22 0:12 
949	100	2:66 0:33 1:1 
950	100	2:97 1:3 
951	100	2:18 1:42 0:40 
952	100	1:13 0:78 2:9 
953	100	0:88 2:12 
954	100	1:67 2:33 
955	100	0:60 1:40 
956	100	0:68 1:30 2:2 
957	100	0:73 1:27 
958	100	2:88 0:11 1:1 
959	100	0:61 2:34 1:5 
960	100	1:10 2:83 0:7 
961	100	1:87 2:13 
962	100	2:86 1:11 0:3 
963	100	2:45 0:38 1:17 
964	100	1:27 0:70 2:3 
965	100	0:79 1:11 2:10 
966	100	0:96 2:2 1:2 
967	100	0:12 2:74 1:14 
968	100	1:49 0:46 2:5 
969	100	0:82 1:9 2:9 
970	100	1:88 0:12 
971	100	0:46 1:54 
972	100	2:73 0:26 1:1 
973	100	1:25 0:49 2:26 
974	100	2:49 0:18 1:33 
975	100	0:79 2:13 1:8 
976	100	1:87 0:8 2:5 
977	100	0:53 2:15 1:32 
978	100	0:16 2:79 1:5 
979	100	2:47 0:19 1:34 
980	100	2:93 0:5 1:2 
981	100	0:69 2:30 1:1 
982	100	2:12 0:88 
983	100	0:91 2:4 1:5 
984	100	1:90 0:6 2:4 
985	100	0:85 2:10 1:5 
986	100	0:83 1:17 
987	100	0:84 2:13 1:3 
988	100	0:64 2:15 1:21 
989	100	2:44 1:55 0:1 
990	100	1:56 0:15 2:29 
991	100	2:10 0:62 1:28 
992	100	0:68 1:25 2:7 
993	100	0:54 1:40 2:6 
994	100	0:40 1:32 2:28 
995	100	0:71 1:8 2:21 
996	100	0:54 2:30 1:16 
997	100	2:74 0:26 
998	100	2:63 0:26 1:11 
999	100	0:99 2:1 
1000	100	2:24 0:51 1:25 
1001	100	2:94 1:6 
1002	100	0:40 1:46 2:14 
1003	100	1:74 0:25 2:1 
1004	100	0:82 2:9 1:9 
1005	100	0:27 1:72 2:1 
1006	100	0:97 2:3 
1007	100	0:94 2:4 1:2 
1008	100	0:3 1:91 2:6 
1009	100	0:54 1:46 
1010	100	1:86 0:14 
1011	100	0:99 2:1 
1012	100	0:78 2:2 1:20 
1013	100	2:57 1:43 
1014	100	0:88 1:12 
1015	100	0:44 1:53 2:3 
1016	100	0:91 2:9 
1017	100	0:97 2:2 1:1 
1018	100	1:13 0:77 2:10 
1019	100	0:54 2:38 1:8 
1020	100	1:75 2:3 0:22 
1021	100	2:7 0:65 1:28 
1022	100	1:12 2:88 
1023	100	1:44 0:20 2:36 
1024	100	0:55 1:8 2:37 
1025	100	1:23 0:54 2:23 
1026	100	0:95 2:5 
1027	100	0:93 2:6 1:1 
1028	100	0:98 1:2 
1029	100	0:72 1:19 2:9 
1030	100	0:91 2:6 1:3 
1031	100	0:29 1:65 2:6 
1032	100	2:83 0:3 1:14 
1033	100	1:7 2:25 0:68 
1034	100	0:69 2:29 1:2 
1035	100	0:84 1:10 2:6 
1036	100	0:38 2:34 1:28 
1037	100	1:16 0:84 
1038	100	1:61 0:39 
1039	100	0:93 2:5 1:2 
1040	100	2:56 0:43 1:1 
1041	100	1:75 0:8 2:17 
1042	100	1:86 0:14 
1043	100	2:60 0:11 1:29 
1044	100	2:92 1:5 0:3 
1045	100	2:70 0:28 1:2 
1046	100	2:47 1:53 
1047	100	1:70 2:9 0:21 
1048	100	2:88 1:10 0:2 
1049	100	0:45 1:40 2:15 
1050	100	2:17 0:13 1:70 
1051	100	0:52 2:17 1:31 
1052	100	2:99 0:1 
1053	100	0:52 1:41 2:7 
1054	100	0:93 2:6 1:1 
1055	100	1:44 2:40 0:16 
1056	100	1:63 2:37 
1057	100	1:94 0:6 
1058	100	2:100 
1059	100	0:100 
1060	100	2:13 1:43 0:44 
1061	100	0:86 1:13 2:1 
1062	100	2:39 1:59 0:2 
1063	100	0:85 2:15 
1064	100	1:78 0:21 2:1 
1065	100	1:93 2:7 
1066	100	1:94 2:5 0:1 
1067	100	1:53 0:47 
1068	100	0:94 2:3 1:3 
1069	100	2:97 0:3 
1070	100	1:35 0:21 2:44 
1071	100	0:47 2:53 
1072	100	2:93 1:5 0:2 
1073	100	1:95 0:5 
1074	100	0:36 2:55 1:9 
1075	100	2:70 1:22 0:8 
1076	100	2:13 0:80 1:7 
1077	100	0:83 2:17 
1078	100	0:27 1:72 2:1 
1079	100	0:99 2:1 
1080	100	0:57 2:43 
1081	100	1:71 2:23 0:6 
1082	100	0:10 1:45 2:45 
1083	100	2:18 1:5 0:77 
1084	100	0:54 1:11 2:35 
1085	100	0:49 2:35 1:16 
1086	100	0:35 2:65 
1087	100	2:83 1:17 
1088	100	1:52 2:38 0:10 
1089	100	2:61 1:39 
1090	100	1:56 2:42 0:2 
1091	100	2:64 0:36 
1092	100	1:87 2:13 
1093	100	2:99 1:1 
1094	100	0:73 1:15 2:12 
1095	100	0:24 1:34 2:42 
1096	100	0:71 1:29 
1097	100	1:48 0:29 2:23 
1098	100	0:91 2:6 1:3 
1099	100	0:58 2:13 1:29 
1100	100	2:66 0:34 
1101	100	2:29 0:28 1:43 
1102	100	0:72 1:23 2:5 
1103	100	1:97 2:3 
1104	100	2:44 1:21 0:35 
1105	100	2:38 1:39 0:23 
1106	100	2:66 1:27 0:7 
1107	100	1:27 0:64 2:9 
1108	100	1:73 0:23 2:4 
1109	100	1:67 0:23 2:10 
1110	100	0:56 2:1 1:43 
1111	100	2:58 1:37 0:5 
1112	100	2:74 0:19 1:7 
1113	100	1:25 2:14 0:61 
1114	100	1:36 2:42 0:22 
1115	100	0:43 1:56 2:1 
1116	100	1:60 0:38 2:2 
1117	100	1:30 0:32 2:38 
1118	100	0:69 2:27 1:4 
1119	100	0:66 2:7 1:27 
1120	100	0:98 1:1 2:1 
1121	100	1:97 0:3 
1122	100	1:47 2:41 0:12 
1123	100	2:19 1:37 0:44 
1124	100	0:56 2:32 1:12 
1125	100	0:81 2:14 1:5 
1126	100	1:94 0:6 
1127	100	1:80 0:17 2:3 
1128	100	2:31 0:22 1:47 
1129	100	0:50 2:48 1:2 
1130	100	0:100 
1131	100	1:4 2:90 0:6 
1132	100	2:76 0:24 
1133	100	2:99 0:1 
1134	100	0:28 2:69 1:3 
1135	100	2:63 0:21 1:16 
1136	100	1:94 0:6 
1137	100	0:88 1:12 
1138	100	2:64 0:31 1:5 
1139	100	1:56 2:19 0:25 
1140	100	2:77 1:16 0:7 
1141	100	2:67 0:33 
1142	100	2:69 1:11 0:20 
1143	100	1:95 2:5 
1144	100	0:50 2:34 1:16 
1145	100	2:66 0:33 1:1 
1146	100	2:84 0:12 1:4 
1147	100	0:38 2:46 1:16 
1148	100	0:53 1:13 2:34 
1149	100	0:61 1:37 2:2 
1150	100	1:75 2:15 0:10 
1151	100	2:88 0:11 1:1 
1152	100	2:96 1:3 0:1 
1153	100	1:97 0:3 
1154	100	1:61 0:38 2:1 
1155	100	0:78 1:6 2:16 
1156	100	2:90 0:5 1:5 
1157	100	1:49 0:27 2:24 
1158	100	1:22 0:37 2:41 
1159	100	1:62 2:37 0:1 
1160	100	0:84 2:11 1:5 
1161	100	0:51 1:47 2:2 
1162	100	2:91 1:9 
1163	100	2:8 1:92 
1164	100	0:7 2:61 1:32 
1165	100	1:59 0:34 2:7 
1166	100	2:82 0:3 1:15 
1167	100	2:58 1:2 0:40 
1168	100	1:84 2:14 0:2 
1169	100	0:57 1:43 
1170	100	2:81 1:16 0:3 
1171	100	1:100 
1172	100	0:70 1:7 2:23 
1173	100	0:44 2:44 1:12 
1174	100	1:50 0:50 
1175	100	0:55 1:30 2:15 
1176	100	1:99 2:1 
1177	100	0:80 2:18 1:2 
1178	100	1:55 2:29 0:16 
1179	100	1:84 0:14 2:2 
1180	100	2:64 0:8 1:28 
1181	100	1:56 2:26 0:18 
1182	100	2:68 1:21 0:11 
1183	100	0:52 1:15 2:33 
1184	100	2:100 
1185	100	2:79 0:18 1:3 
1186	100	2:58 0:38 1:4 
1187	100	0:95 2:5 
1188	100	0:80 1:13 2:7 
1189	100	2:14 0:80 1:6 
1190	100	1:60 0:25 2:15 
1191	100	2:53 0:39 1:8 
1192	100	0:60 1:16 2:24 
1193	100	1:79 0:21 
1194	100	2:98 1:1 0:1 
1195	100	2:99 0:1 
1196	100	2:32 1:60 0:8 
1197	100	2:79 0:17 1:4 
1198	100	0:15 1:59 2:26 
1199	100	2:54 0:34 1:12 
1200	100	0:56 1:41 2:3 
1201	100	0:98 2:1 1:1 
1202	100	1:31 2:67 0:2 
1203	100	0:82 1:14 2:4 
1204	100	2:48 0:23 1:29 
1205	100	0:65 1:34 2:1 
1206	100	1:64 0:29 2:7 
1207	100	2:77 1:23 
1208	100	0:90 1:10 
1209	100	0:32 1:65 2:3 
1210	100	1:47 0:52 2:1 
1211	100	1:95 0:3 2:2 
1212	100	2:76 1:24 
1213	100	1:13 0:81 2:6 
1214	100	2:100 
1215	100	1:81 2:10 0:9 
1216	100	1:79 2:14 0:7 
1217	100	2:44 1:55 0:1 
1218	100	1:38 2:62 
1219	100	1:73 2:26 0:1 
1220	100	2:33 0:67 
1221	100	1:16 0:69 2:15 
1222	100	0:35 1:65 
1223	100	0:30 2:70 
1224	100	0:72 2:3 1:25 
1225	100	1:82 0:3 2:15 
1226	100	0:31 2:69 
1227	100	1:58 0:42 
1228	100	0:2 1:65 2:33 
1229	100	2:60 1:39 0:1 
1230	100	0:68 2:32 
1231	100	0:59 2:40 1:1 
1232	100	1:88 2:12 
1233	100	0:92 1:8 
1234	100	0:93 1:1 2:6 
1235	100	2:38 0:62 
1236	100	2:62 1:38 
1237	100	1:97 0:3 
1238	100	1:38 2:51 0:11 
1239	100	1:57 2:41 0:2 
1240	100	0:62 1:38 
1241	100	0:88 2:3 1:9 
1242	100	2:83 1:9 0:8 
1243	100	1:33 0:67 
1244	100	2:78 0:14 1:8 
1245	100	2:6 0:66 1:28 
1246	100	1:96 2:4 
1247	100	1:90 2:7 0:3 
1248	100	2:82 0:13 1:5 
1249	100	0:30 1:58 2:12 
1250	100	1:92 2:6 0:2 
1251	100	1:69 2:27 0:4 
1252	100	0:34 2:56 1:10 
1253	100	0:2 2:86 1:12 
1254	100	0:54 1:42 2:4 
1255	100	1:3 0:91 2:6 
1256	100	1:71 0:27 2:2 
1257	100	2:100 
1258	100	2:94 0:5 1:1 
1259	100	2:76 1:24 
1260	100	1:46 0:31 2:23 
1261	100	2:60 0:31 1:9 
1262	100	2:100 
1263	100	0:26 1:72 2:2 
1264	100	0:66 2:34 
1265	100	0:94 1:4 2:2 
1266	100	2:73 1:7 0:20 
1267	100	0:21 1:15 2:64 
1268	100	0:100 
1269	100	1:6 2:94 
1270	100	1:63 2:28 0:9 
1271	100	2:51 0:26 1:23 
1272	100	2:87 0:2 1:11 
1273	100	1:3 0:97 
1274	100	1:92 0:7 2:1 
1275	100	0:49 2:32 1:19 
1276	100	0:97 1:3 
1277	100	0:98 1:2 
1278	100	2:67 1:14 0:19 
1279	100	0:36 2:59 1:5 
1280	100	2:40 1:29 0:31 
1281	100	1:79 0:21 
1282	100	0:69 2:9 1:22 
1283	100	2:83 0:13 1:4 
1284	100	0:96 2:4 
1285	100	1:95 2:4 0:1 
1286	100	0:29 1:57 2:14 
1287	100	2:58 1:41 0:1 
1288	100	1:24 2:75 0:1 
1289	100	0:30 1:63 2:7 
1290	100	1:40 0:53 2:7 
1291	100	0:63 1:8 2:29 
1292	100	0:26 2:45 1:29 
1293	100	1:99 0:1 
1294	100	2:68 1:27 0:5 
1295	100	0:44 1:55 2:1 
1296	100	2:26 1:70 0:4 
1297	100	2:47 1:44 0:9 
1298	100	2:92 0:8 
1299	100	1:28 2:33 0:39 
1300	100	0:33 1:56 2:11 
1301	100	0:100 
1302	100	2:81 0:6 1:13 
1303	100	1:91 0:9 
1304	100	0:75 2:24 1:1 
1305	100	0:60 1:40 
1306	100	2:84 1:15 0:1 
1307	100	0:98 1:1 2:1 
1308	100	1:22 2:36 0:42 
1309	100	2:19 1:81 
1310	100	2:99 0:1 
1311	100	1:72 0:22 2:6 
1312	100	0:45 2:54 1:1 
1313	100	1:50 0:48 2:2 
1314	100	1:44 2:34 0:22 
1315	100	1:2 2:70 0:28 
1316	100	1:99 0:1 
1317	100	1:18 0:81 2:1 
1318	100	0:63 2:34 1:3 
1319	100	1:83 0:17 
1320	100	1:40 2:24 0:36 
1321	100	2:82 1:15 0:3 
1322	100	2:48 0:50 1:2 
1323	100	2:75 0:19 1:6 
1324	100	0:83 2:15 1:2 
1325	100	0:70 2:11 1:19 
1326	100	2:50 0:28 1:22 
1327	100	2:73 1:27 
1328	100	2:76 0:24 
1329	100	0:52 1:48 
1330	100	2:24 1:38 0:38 
1331	100	2:65 0:20 1:15 
1332	100	1:59 2:31 0:10 
1333	100	1:94 0:6 
1334	100	2:4 1:31 0:65 
1335	100	0:86 1:14 
1336	100	2:63 1:36 0:1 
1337	100	2:69 1:23 0:8 
1338	100	2:71 1:20 0:9 
1339	100	1:20 2:44 0:36 
1340	100	1:84 2:16 
1341	100	2:58 0:33 1:9 
1342	100	2:11 0:87 1:2 
1343	100	2:93 1:7 
1344	100	1:38 2:50 0:12 
1345	100	0:80 1:3 2:17 
1346	100	0:97 1:2 2:1 
1347	100	2:65 1:26 0:9 
1348	100	1:33 0:43 2:24 
1349	100	0:59 1:23 2:18 
1350	100	1:67 0:28 2:5 
1351	100	2:62 0:27 1:11 
1352	100	0:58 1:42 
1353	100	0:72 1:24 2:4 
1354	100	2:21 0:16 1:63 
1355	100	2:47 1:44 0:9 
1356	100	0:87 1:2 2:11 
1357	100	1:67 0:31 2:2 
1358	100	0:44 2:22 1:34 
1359	100	2:83 1:13 0:4 
1360	100	2:58 1:42 
1361	100	0:53 2:47 
1362	100	1:70 2:24 0:6 
1363	100	0:62 1:10 2:28 
1364	100	0:69 1:31 
1365	100	1:14 2:86 
1366	100	0:82 2:5 1:13 
1367	100	1:93 0:7 
1368	100	0:75 2:24 1:1 
1369	100	2:56 0:12 1:32 
1370	100	2:89 0:11 
1371	100	0:12 1:40 2:48 
1372	100	1:86 2:12 0:2 
1373	100	1:69 2:23 0:8 
1374	100	2:16 1:82 0:2 
1375	100	0:55 2:23 1:22 
1376	100	2:43 0:54 1:3 
1377	100	0:30 1:22 2:48 
1378	100	0:82 1:13 2:5 
1379	100	1:30 2:67 0:3 
1380	100	2:21 0:78 1:1 
1381	100	1:26 2:74 
1382	100	0:57 2:41 1:2 
1383	100	0:61 1:33 2:6 
1384	100	0:74 1:14 2:12 
1385	100	2:41 1:56 0:3 
1386	100	0:60 1:16 2:24 
1387	100	0:95 2:5 
1388	100	1:36 2:61 0:3 
1389	100	2:43 0:41 1:16 
1390	100	1:51 2:48 0:1 
1391	100	1:97 2:1 0:2 
1392	100	2:22 0:46 1:32 
1393	100	2:95 1:4 0:1 
1394	100	0:98 2:2 
1395	100	2:77 0:22 1:1 
1396	100	1:55 2:36 0:9 
1397	100	2:35 1:29 0:36 
1398	100	1:68 0:15 2:17 
1399	100	0:54 2:45 1:1 
1400	100	0:65 2:24 1:11 
1401	100	1:47 0:11 2:42 
1402	100	1:56 2:44 
1403	100	0:97 1:3 
1404	100	0:71 1:18 2:11 
1405	100	1:65 2:18 0:17 
1406	100	0:15 2:80 1:5 
1407	100	1:54 0:43 2:3 
1408	100	1:62 2:35 0:3 
1409	100	0:45 2:23 1:32 
1410	100	2:22 0:71 1:7 
1411	100	1:17 0:23 2:60 
1412	100	1:100 
1413	100	0:22 2:23 1:55 
1414	100	1:13 2:72 0:15 
1415	100	1:68 0:18 2:14 
1416	100	1:78 0:18 2:4 
1417	100	1:66 2:33 0:1 
1418	100	2:40 0:49 1:11 
1419	100	2:74 1:21 0:5 
1420	100	2:38 1:48 0:14 
1421	100	1:97 2:3 
1422	100	1:10 2:80 0:10 
1423	100	0:88 2:11 1:1 
1424	100	0:22 2:27 1:51 
1425	100	1:82 0:14 2:4 
1426	100	2:99 1:1 
1427	100	2:95 1:4 0:1 
1428	100	2:19 1:79 0:2 
1429	100	1:21 0:63 2:16 
1430	100	1:78 0:20 2:2 
1431	100	1:57 2:32 0:11 
1432	100	2:39 0:58 1:3 
1433	100	0:1 1:43 2:56 
1434	100	0:82 2:15 1:3 
1435	100	2:42 1:32 0:26 
1436	100	0:83 1:16 2:1 
1437	100	1:54 2:17 0:29 
1438	100	2:52 0:36 1:12 
1439	100	0:72 2:10 1:18 
1440	100	1:58 0:41 2:1 
1441	100	2:27 1:59 0:14 
1442	100	1:16 0:71 2:13 
1443	100	2:12 1:76 0:12 
1444	100	0:87 1:10 2:3 
1445	100	1:14 2:78 0:8 
1446	100	0:74 2:11 1:15 
1447	100	0:19 1:32 2:49 
1448	100	2:23 1:53 0:24 
1449	100	0:96 2:4 
1450	100	2:81 1:18 0:1 
1451	100	2:53 0:46 1:1 
1452	100	2:68 1:19 0:13 
1453	100	0:18 1:65 2:17 
1454	100	0:57 1:13 2:30 
1455	100	2:23 1:52 0:25 
1456	100	0:50 2:50 
1457	100	1:35 2:62 0:3 
1458	100	1:62 0:34 2:4 
1459	100	0:43 1:49 2:8 
1460	100	1:13 0:87 
1461	100	1:96 0:2 2:2 
1462	100	2:55 1:13 0:32 
1463	100	1:55 0:45 
1464	100	2:72 1:28 
1465	100	1:99 0:1 
1466	100	1:33 0:62 2:5 
1467	100	0:41 2:40 1:19 
1468	100	0:63 2:12 1:25 
1469	100	1:29 0:34 2:37 
1470	100	1:36 2:9 0:55 
1471	100	0:57 2:40 1:3 
1472	100	0:57 1:35 2:8 
1473	100	1:62 0:28 2:10 
1474	100	2:58 0:28 1:14 
1475	100	2:53 0:23 1:24 
1476	100	0:67 1:27 2:6 
1477	100	1:78 0:21 2:1 
1478	100	0:7 1:93 
1479	100	1:5 2:95 
1480	100	1:31 0:48 2:21 
1481	100	0:79 1:21 
1482	100	2:55 0:39 1:6 
1483	100	0:91 2:9 
1484	100	2:42 0:32 1:26 
1485	100	0:89 2:6 1:5 
1486	100	0:56 1:7 2:37 
1487	100	2:62 0:35 1:3 
1488	100	1:86 0:13 2:1 
1489	100	2:36 0:58 1:6 
1490	100	1:36 2:51 0:13 
1491	100	1:76 2:24 
1492	100	0:50 2:48 1:2 
1493	100	1:51 0:49 
1494	100	0:91 1:8 2:1 
1495	100	0:63 1:23 2:14 
1496	100	1:56 2:43 0:1 
1497	100	1:39 0:46 2:15 
1498	100	1:54 0:38 2:8 
1499	100	0:64 2:36 
1500	100	1:63 2:28 0:9 
1501	100	2:25 1:72 0:3 
1502	100	0:77 2:23 
1503	100	1:67 0:8 2:25 
1504	100	0:54 1:45 2:1 
1505	100	0:87 1:13 
1506	100	1:18 0:82 
1507	100	0:75 1:25 
1508	100	1:54 0:46 
1509	100	1:95 2:5 
1510	100	1:97 0:3 
1511	100	0:33 1:67 
1512	100	1:53 2:44 0:3 
1513	100	2:51 1:46 0:3 
1514	100	1:84 0:13 2:3 
1515	100	1:72 0:10 2:18 
1516	100	2:92 1:7 0:1 
1517	100	0:84 1:16 
1518	100	0:56 1:41 2:3 
1519	100	2:87 1:13 
1520	100	2:32 0:60 1:8 
1521	100	0:30 1:69 2:1 
1522	100	2:29 0:68 1:3 
1523	100	2:49 0:38 1:13 
1524	100	0:52 1:30 2:18 
1525	100	2:88 1:6 0:6 
1526	100	2:25 1:75 
1527	100	2:91 1:9 
1528	100	0:74 2:19 1:7 
1529	100	1:15 2:42 0:43 
1530	100	0:65 1:35 
1531	100	0:37 1:62 2:1 
1532	100	2:99 0:1 
1533	100	2:8 0:85 1:7 
1534	100	2:81 1:19 
1535	100	1:47 0:48 2:5 
1536	100	0:29 1:57 2:14 
1537	100	1:46 0:53 2:1 
1538	100	2:74 1:25 0:1 
1539	100	0:95 2:1 1:4 
1540	100	2:55 1:40 0:5 
1541	100	1:77 0:7 2:16 
1542	100	2:69 1:7 0:24 
1543	100	0:69 1:30 2:1 
1544	100	2:76 1:24 
1545	100	1:54 0:27 2:19 
1546	100	2:82 1:18 
1547	100	0:79 1:13 2:8 
1548	100	0:56 1:28 2:16 
1549	100	1:77 0:21 2:2 
1550	100	0:98 1:2 
1551	100	0:89 2:8 1:3 
1552	100	1:91 2:5 0:4 
1553	100	1:95 0:3 2:2 
1554	100	1:37 0:49 2:14 
1555	100	0:34 2:12 1:54 
1556	100	1:68 0:22 2:10 
1557	100	2:60 1:36 0:4 
1558	100	0:39 1:40 2:21 
1559	100	2:61 0:23 1:16 
1560	100	2:93 1:7 
1561	100	0:71 1:27 2:2 
1562	100	2:98 0:2 
1563	100	1:49 0:16 2:35 
1564	100	1:38 0:21 2:41 
1565	100	0:72 2:17 1:11 
1566	100	1:91 0:9 
1567	100	0:19 2:24 1:57 
1568	100	1:88 2:8 0:4 
1569	100	0:13 2:55 1:32 
1570	100	0:54 1:46 
1571	100	0:89 2:7 1:4 
1572	100	0:92 2:7 1:1 
1573	100	1:23 0:40 2:37 
1574	100	2:16 0:29 1:55 
1575	100	2:59 0:40 1:1 
1576	100	2:59 0:41 
1577	100	0:86 1:13 2:1 
1578	100	0:96 2:1 1:3 
1579	100	1:47 0:42 2:11 
1580	100	0:74 2:20 1:6 
1581	100	1:21 0:49 2:30 
1582	100	2:16 1:57 0:27 
1583	100	2:28 1:44 0:28 
1584	100	0:69 2:24 1:7 
1585	100	1:56 0:36 2:8 
1586	100	1:53 0:40 2:7 
1587	100	0:49 1:47 2:4 
1588	100	1:81 0:15 2:4 
1589	100	0:82 2:18 
1590	100	2:93 0:5 1:2 
1591	100	2:53 1:40 0:7 
1592	100	2:50 1:48 0:2 
1593	100	0:100 
1594	100	1:37 0:59 2:4 
1595	100	2:26 0:46 1:28 
1596	100	0:100 
1597	100	1:13 0:64 2:23 
1598	100	1:74 2:19 0:7 
1599	100	2:55 1:24 0:21 
1600	100	0:63 1:22 2:15 
1601	100	1:96 0:4 
1602	100	0:41 1:26 2:33 
1603	100	2:53 0:12 1:35 
1604	100	1:22 0:78 
1605	100	1:22 0:40 2:38 
1606	100	2:86 1:10 0:4 
1607	100	1:68 0:23 2:9 
1608	100	1:41 0:54 2:5 
1609	100	0:50 1:19 2:31 
1610	100	1:43 2:52 0:5 
1611	100	1:79 2:21 
1612	100	1:32 0:18 2:50 
1613	100	2:100 
1614	100	1:23 2:76 0:1 
1615	100	1:59 0:39 2:2 
1616	100	0:25 2:70 1:5 
1617	100	1:69 0:23 2:8 
1618	100	1:86 0:14 
1619	100	2:92 1:8 
1620	100	2:31 1:33 0:36 
1621	100	0:70 2:16 1:14 
1622	100	1:75 2:20 0:5 
1623	100	1:71 2:18 0:11 
1624	100	1:52 2:41 0:7 
1625	100	0:100 
1626	100	1:70 0:22 2:8 
1627	100	0:91 2:1 1:8 
1628	100	2:54 0:46 
1629	100	0:51 1:46 2:3 
1630	100	1:47 2:18 0:35 
1631	100	1:68 0:31 2:1 
1632	100	1:53 0:34 2:13 
1633	100	2:17 1:55 0:28 
1634	100	1:83 2:8 0:9 
1635	100	1:73 2:4 0:23 
1636	100	0:40 2:52 1:8 
1637	100	2:87 1:6 0:7 
1638	100	1:44 2:49 0:7 
1639	100	1:57 0:31 2:12 
1640	100	1:95 2:5 
1641	100	1:49 2:49 0:2 
1642	100	2:14 1:81 0:5 
1643	100	0:94 1:6 
1644	100	2:56 1:38 0:6 
1645	100	2:78 0:15 1:7 
1646	100	0:54 1:46 
1647	100	0:85 1:15 
1648	100	0:29 2:58 1:13 
1649	100	2:52 1:40 0:8 
1650	100	1:45 0:29 2:26 
1651	100	1:65 2:34 0:1 
1652	100	0:65 2:12 1:23 
1653	100	1:17 0:60 2:23 
1654	100	2:86 0:13 1:1 
1655	100	2:94 1:6 
1656	100	0:46 2:52 1:2 
1657	100	2:22 1:51 0:27 
1658	100	1:54 2:42 0:4 
1659	100	1:76 2:6 0:18 
1660	100	0:76 2:11 1:13 
1661	100	1:60 0:22 2:18 
1662	100	2:97 1:3 
1663	100	2:61 1:35 0:4 
1664	100	0:39 1:30 2:31 
1665	100	2:91 1:6 0:3 
1666	100	1:93 2:7 
1667	100	2:71 1:23 0:6 
1668	100	2:74 1:23 0:3 
1669	100	1:58 2:39 0:3 
1670	100	1:96 0:2 2:2 
1671	100	2:75 0:13 1:12 
1672	100	2:12 1:40 0:48 
1673	100	2:39 0:61 
1674	100	0:83 2:14 1:3 
1675	100	0:88 1:9 2:3 
1676	100	0:71 1:29 
1677	100	2:76 1:23 0:1 
1678	100	2:80 1:14 0:6 
1679	100	0:66 2:33 1:1 
1680	100	1:83 2:17 
1681	100	1:37 2:50 0:13 
1682	100	1:83 2:15 0:2 
1683	100	0:65 2:18 1:17 
1684	100	0:95 2:2 1:3 
1685	100	0:77 2:7 1:16 
1686	100	1:17 0:59 2:24 
1687	100	1:71 0:28 2:1 
1688	100	2:15 1:85 
1689	100	0:80 1:13 2:7 
1690	100	1:81 0:11 2:8 
1691	100	0:81 1:7 2:12 
1692	100	0:89 1:9 2:2 
1693	100	1:59 0:29 2:12 
1694	100	0:70 1:30 
1695	100	1:92 0:8 
1696	100	0:96 1:4 
1697	100	2:77 1:23 
1698	100	0:87 1:8 2:5 
1699	100	2:80 0:20 
1700	100	1:40 0:47 2:13 
1701	100	2:72 0:10 1:18 
1702	100	1:91 0:2 2:7 
1703	100	2:47 1:51 0:2 
1704	100	1:69 2:30 0:1 
1705	100	1:80 2:18 0:2 
1706	100	0:46 1:25 2:29 
1707	100	2:86 0:2 1:12 
1708	100	0:93 1:7 
1709	100	2:49 0:43 1:8 
1710	100	1:78 2:8 0:14 
1711	100	2:5 0:65 1:30 
1712	100	1:74 2:26 
1713	100	2:67 1:26 0:7 
1714	100	0:27 1:65 2:8 
1715	100	1:83 0:15 2:2 
1716	100	0:20 1:9 2:71 
1717	100	2:57 0:39 1:4 
1718	100	2:98 0:1 1:1 
1719	100	0:87 2:12 1:1 
1720	100	1:12 2:86 0:2 
1721	100	0:50 2:44 1:6 
1722	100	1:71 0:26 2:3 
1723	100	0:72 2:26 1:2 
1724	100	2:42 1:47 0:11 
1725	100	2:47 1:29 0:24 
1726	100	2:61 1:28 0:11 
1727	100	1:25 0:59 2:16 
1728	100	1:86 0:2 2:12 
1729	100	0:74 2:26 
1730	100	0:49 1:51 
1731	100	1:49 0:29 2:22 
1732	100	1:26 2:43 0:31 
1733	100	1:70 2:17 0:13 
1734	100	1:87 0:9 2:4 
1735	100	1:80 0:20 
1736	100	1:44 2:53 0:3 
1737	100	1:22 2:71 0:7 
1738	100	2:54 0:45 1:1 
1739	100	1:41 0:14 2:45 
1740	100	0:43 1:33 2:24 
1741	100	0:74 2:23 1:3 
1742	100	0:69 2:31 
1743	100	2:88 0:8 1:4 
1744	100	1:53 2:47 
1745	100	0:29 2:57 1:14 
1746	100	0:23 1:62 2:15 
1747	100	2:79 1:19 0:2 
1748	100	1:65 2:34 0:1 
1749	100	0:50 1:48 2:2 
1750	100	1:34 2:47 0:19 
1751	100	1:93 0:7 
1752	100	0:36 1:57 2:7 
1753	100	2:75 0:22 1:3 
1754	100	1:79 2:12 0:9 
1755	100	2:68 1:32 
1756	100	0:11 1:28 2:61 
1757	100	1:41 0:55 2:4 
1758	100	1:89 0:11 
1759	100	2:8 0:58 1:34 
1760	100	1:33 0:61 2:6 
1761	100	1:90 0:10 
1762	100	1:86 0:7 2:7 
1763	100	1:31 2:27 0:42 
1764	100	1:78 0:13 2:9 
1765	100	2:44 0:23 1:33 
1766	100	2:77 1:22 0:1 
1767	100	2:35 0:55 1:10 
1768	100	0:67 1:23 2:10 
1769	100	2:51 1:48 0:1 
1770	100	2:3 0:69 1:28 
1771	100	0:5 1:74 2:21 
1772	100	0:42 1:25 2:33 
1773	100	1:58 0:42 
1774	100	0:97 1:1 2:2 
1775	100	0:87 1:3 2:10 
1776	100	0:19 1:81 
1777	100	1:14 0:40 2:46 
1778	100	2:52 1:34 0:14 
1779	100	0:96 2:3 1:1 
1780	100	2:97 0:3 
1781	100	1:86 0:6 2:8 
1782	100	0:59 1:29 2:12 
