0.069556 0.143675 0.061593 0.137243 0.000031 0.000031 0.169709 0.060980 0.273538 0.083645
0.115946 0.226342 0.004630 0.307912 0.000031 0.080681 0.148758 0.026096 0.089574 0.000031
0.168296 0.065605 0.074265 0.326972 0.000031 0.000031 0.211908 0.062202 0.090659 0.000031
0.044210 0.310855 0.057147 0.429505 0.000032 0.011707 0.000032 0.028116 0.118365 0.000032
0.103278 0.108487 0.155055 0.421906 0.000031 0.000031 0.000031 0.179565 0.031587 0.000031
0.195068 0.143207 0.139389 0.382787 0.000032 0.000032 0.017213 0.000032 0.121254 0.000986
0.226170 0.135714 0.130100 0.429850 0.000031 0.004710 0.003774 0.000031 0.063974 0.005646
0.136367 0.000033 0.162785 0.386204 0.078311 0.000033 0.031996 0.060046 0.000033 0.144194
0.122817 0.044682 0.105089 0.412705 0.003972 0.000689 0.015135 0.000033 0.274819 0.020059
0.000028 0.001445 0.041955 0.274816 0.000028 0.526657 0.000028 0.130623 0.024391 0.000028
0.000028 0.206145 0.000028 0.299284 0.000028 0.195674 0.000028 0.292119 0.005539 0.001130
0.000028 0.000028 0.000028 0.276817 0.000028 0.605909 0.000028 0.116511 0.000594 0.000028
0.561057 0.029366 0.002242 0.197924 0.000028 0.000304 0.178826 0.000028 0.030197 0.000028
0.381637 0.217407 0.063583 0.216001 0.001715 0.000872 0.101547 0.000309 0.000028 0.016901
0.175912 0.217382 0.161794 0.000324 0.002971 0.000029 0.315324 0.080912 0.045029 0.000324
0.423910 0.062571 0.007296 0.000347 0.011718 0.000032 0.404327 0.068572 0.019615 0.001611
0.000033 0.036217 0.307599 0.000033 0.001020 0.014507 0.022401 0.504967 0.088849 0.024375
0.000031 0.078781 0.000031 0.000031 0.207219 0.000031 0.089719 0.175969 0.198469 0.249719
0.001679 0.000033 0.061916 0.000033 0.001679 0.000362 0.131698 0.477321 0.111619 0.213660
0.002237 0.053907 0.225929 0.000032 0.169849 0.000032 0.117234 0.397322 0.033428 0.000032
0.011069 0.220151 0.158026 0.000032 0.205014 0.000032 0.237496 0.109461 0.046389 0.012330
0.029318 0.053472 0.110236 0.000030 0.312832 0.000030 0.433001 0.060719 0.000332 0.000030
0.000030 0.214619 0.060563 0.000030 0.415890 0.000030 0.162863 0.000333 0.145006 0.000636
0.034233 0.198350 0.177048 0.000030 0.315662 0.000030 0.082838 0.000030 0.000030 0.191749
0.056001 0.353517 0.031757 0.000030 0.070069 0.000030 0.212242 0.159563 0.034151 0.082640
0.000032 0.080940 0.113240 0.000032 0.129229 0.024336 0.291046 0.001951 0.268660 0.090534
0.002538 0.119430 0.024788 0.000031 0.024475 0.000031 0.242275 0.321874 0.111282 0.153275
0.013049 0.019709 0.133243 0.000030 0.000333 0.000030 0.203784 0.157463 0.262822 0.209537
0.000337 0.000031 0.000949 0.000031 0.011050 0.003092 0.613131 0.000031 0.162259 0.209091
0.000030 0.011339 0.320268 0.001220 0.028899 0.000327 0.234256 0.099137 0.135446 0.169077
0.050657 0.089776 0.220611 0.000033 0.013182 0.000690 0.437245 0.000033 0.074326 0.113445
0.307749 0.009719 0.204747 0.045883 0.100452 0.000032 0.271585 0.014240 0.000032 0.045560
0.000031 0.370740 0.000031 0.000031 0.054835 0.000031 0.451055 0.076567 0.034047 0.012630
0.000031 0.000031 0.050297 0.000031 0.061224 0.000031 0.000031 0.675648 0.160818 0.051858
0.000030 0.005432 0.027641 0.000030 0.089166 0.000030 0.004232 0.526140 0.000030 0.347269
0.046272 0.051935 0.106354 0.000031 0.000975 0.000031 0.103209 0.414627 0.198836 0.077729
0.090261 0.015277 0.143155 0.000965 0.177691 0.000342 0.000031 0.159645 0.038923 0.373709
0.030940 0.000354 0.000032 0.000032 0.582453 0.000032 0.191597 0.026111 0.030618 0.137830
0.015202 0.000032 0.093900 0.000032 0.313875 0.001928 0.359703 0.000348 0.000032 0.214949
0.069819 0.008792 0.000030 0.000030 0.239909 0.000030 0.387341 0.063474 0.006979 0.223595
0.314018 0.000032 0.017475 0.002569 0.025722 0.000032 0.077418 0.061878 0.325436 0.175420
0.092813 0.000033 0.000033 0.000033 0.032702 0.002320 0.000033 0.166972 0.705031 0.000033
0.088494 0.000033 0.000033 0.000033 0.000033 0.000033 0.255770 0.180279 0.423379 0.051912
0.070651 0.000032 0.003920 0.002300 0.000032 0.000032 0.129284 0.095594 0.317817 0.380337
