0.000016 0.999729 0.000016 0.000016 0.000016 0.000080 0.000016 0.000048 0.000048 0.000016
0.014446 0.516133 0.038757 0.131049 0.014815 0.088925 0.195494 0.000146 0.000020 0.000214
0.000034 0.207120 0.066601 0.000002 0.001179 0.081299 0.198473 0.445112 0.000011 0.000169
0.099801 0.219702 0.052929 0.000017 0.000503 0.000349 0.005153 0.543842 0.005148 0.072556
0.036169 0.179926 0.015254 0.000032 0.003132 0.004878 0.130683 0.605683 0.000009 0.024234
0.022784 0.159291 0.005206 0.000002 0.000137 0.018477 0.191669 0.583519 0.000006 0.018909
0.139883 0.179093 0.000005 0.010919 0.038118 0.016468 0.169824 0.374495 0.000021 0.071174
0.000017 0.159095 0.000076 0.000002 0.000017 0.129555 0.000051 0.655971 0.028215 0.027001
0.000010 0.134061 0.000081 0.000006 0.000147 0.077752 0.092907 0.666956 0.001637 0.026443
0.000042 0.059567 0.041683 0.000057 0.029376 0.036032 0.110100 0.696507 0.000022 0.026615
0.000194 0.131608 0.015860 0.012824 0.022006 0.024576 0.312332 0.470574 0.009905 0.000121
0.000060 0.100930 0.011472 0.000009 0.039950 0.007000 0.262700 0.547673 0.030145 0.000060
0.000008 0.000033 0.000003 0.000003 0.000003 0.065947 0.442950 0.394724 0.096323 0.000008
0.000020 0.000003 0.000009 0.000009 0.000020 0.007474 0.449320 0.407430 0.127388 0.008328
0.001976 0.000014 0.000054 0.037745 0.000059 0.000002 0.056059 0.143305 0.007178 0.753608
0.009860 0.000003 0.004258 0.000003 0.001395 0.214806 0.378820 0.239046 0.047481 0.104327
0.000006 0.049022 0.000160 0.000039 0.000105 0.282094 0.000006 0.562367 0.106132 0.000072
0.000547 0.008588 0.126632 0.000006 0.002410 0.135803 0.000126 0.520319 0.205492 0.000078
0.001088 0.000025 0.063909 0.000025 0.044935 0.109135 0.000005 0.671907 0.108416 0.000556
0.000032 0.000185 0.069570 0.047761 0.000006 0.199886 0.000019 0.442133 0.234591 0.005816
0.001159 0.000002 0.000002 0.462921 0.000451 0.019247 0.103606 0.022702 0.051643 0.338268
0.000078 0.054793 0.127804 0.604201 0.000018 0.000397 0.000008 0.000008 0.212337 0.000356
0.002143 0.022461 0.108828 0.375427 0.000018 0.000124 0.092910 0.138087 0.033747 0.226257
0.000249 0.017657 0.000045 0.422209 0.000015 0.002969 0.132597 0.036289 0.016956 0.371015
0.012292 0.000002 0.000018 0.456354 0.017804 0.010380 0.181697 0.030212 0.059080 0.232160
0.002457 0.001685 0.070961 0.004612 0.011322 0.001470 0.152532 0.003463 0.665506 0.085992
0.000007 0.000220 0.000433 0.000358 0.007487 0.037298 0.395333 0.013568 0.441839 0.103456
0.004932 0.000796 0.025274 0.058674 0.002052 0.050897 0.204183 0.020518 0.628862 0.003812
0.006068 0.003955 0.000016 0.071213 0.018851 0.002613 0.427206 0.000176 0.469901 0.000002
0.001232 0.003049 0.000002 0.000343 0.005694 0.015081 0.475298 0.013349 0.357585 0.128366
0.015542 0.009756 0.028800 0.000002 0.635545 0.104271 0.067254 0.003645 0.041622 0.093562
0.185551 0.010498 0.001966 0.021877 0.779677 0.000058 0.000331 0.000003 0.000036 0.000003
0.123943 0.000007 0.028346 0.000168 0.686120 0.000782 0.068268 0.092187 0.000092 0.000087
0.000132 0.006103 0.000018 0.000085 0.698029 0.143050 0.103072 0.010781 0.000039 0.038691
0.066956 0.000002 0.000042 0.000047 0.764479 0.040621 0.033982 0.013216 0.000007 0.080649
0.116609 0.010264 0.018801 0.020205 0.820922 0.000003 0.000614 0.000014 0.002041 0.010527
0.000116 0.036938 0.000020 0.000002 0.365965 0.158728 0.000017 0.000539 0.000002 0.437674
0.085355 0.000003 0.325986 0.000568 0.042832 0.359139 0.118207 0.013082 0.000062 0.054765
0.108829 0.000045 0.341079 0.000097 0.010789 0.324784 0.141630 0.000334 0.000155 0.072259
0.232492 0.000163 0.309192 0.003705 0.000449 0.204624 0.181426 0.037806 0.000211 0.029933
0.004498 0.068352 0.613010 0.108329 0.027500 0.110830 0.000171 0.000038 0.066993 0.000279
0.008196 0.030478 0.531732 0.000069 0.000080 0.201315 0.200398 0.000047 0.017179 0.010505
0.088468 0.002625 0.391741 0.003204 0.005080 0.283844 0.168746 0.055800 0.000027 0.000464
0.499529 0.042768 0.000032 0.066129 0.011541 0.266497 0.000009 0.040080 0.000044 0.073373
0.608930 0.000651 0.000183 0.115499 0.100427 0.127054 0.003843 0.020374 0.002880 0.020159
0.413546 0.033075 0.036174 0.044521 0.000003 0.282614 0.090534 0.058622 0.019832 0.021078
0.337418 0.061856 0.428513 0.009801 0.000182 0.000283 0.000245 0.000057 0.161111 0.000534
0.422904 0.000007 0.002974 0.000049 0.000016 0.368542 0.133784 0.070163 0.000059 0.001502
0.545817 0.079595 0.259979 0.000155 0.000014 0.001414 0.002344 0.000756 0.109911 0.000014
0.596330 0.010539 0.002688 0.000342 0.001465 0.203398 0.075567 0.084661 0.018217 0.006793
0.806466 0.000072 0.000003 0.010315 0.057231 0.030003 0.017797 0.057623 0.017687 0.002803
0.709910 0.000594 0.068918 0.000003 0.061904 0.006375 0.113116 0.039163 0.000009 0.000009
0.672231 0.039163 0.015007 0.000238 0.019559 0.018827 0.185694 0.049241 0.000031 0.000010
0.471365 0.099082 0.066118 0.001259 0.000003 0.017097 0.220551 0.031477 0.000274 0.092775
0.559992 0.058689 0.094122 0.000036 0.000287 0.023332 0.163850 0.022729 0.000012 0.076951
0.574874 0.091724 0.040152 0.014220 0.053159 0.026086 0.158422 0.001797 0.000311 0.039255
0.040708 0.000080 0.000004 0.000385 0.000347 0.897947 0.000324 0.000004 0.000019 0.060183
0.118245 0.000003 0.070238 0.021116 0.068098 0.669853 0.000337 0.000104 0.000545 0.051462
0.139696 0.000001 0.006529 0.000001 0.179655 0.297958 0.370494 0.000099 0.000001 0.005565
