0.003125 0.003125 0.378125 0.003125 0.284375 0.003125 0.003125 0.003125 0.003125 0.315625
0.427500 0.002500 0.002500 0.002500 0.127500 0.002500 0.002500 0.427500 0.002500 0.002500
0.002381 0.002381 0.050000 0.002381 0.002381 0.002381 0.002381 0.026190 0.288095 0.621429
0.003226 0.003226 0.390323 0.035484 0.003226 0.003226 0.003226 0.035484 0.132258 0.390323
0.818421 0.002632 0.002632 0.002632 0.002632 0.107895 0.002632 0.055263 0.002632 0.002632
0.003571 0.003571 0.075000 0.003571 0.860714 0.003571 0.003571 0.003571 0.003571 0.039286
0.388462 0.003846 0.003846 0.003846 0.273077 0.003846 0.003846 0.042308 0.273077 0.003846
0.003704 0.003704 0.114815 0.300000 0.040741 0.448148 0.003704 0.003704 0.003704 0.077778
0.004000 0.004000 0.004000 0.644000 0.004000 0.004000 0.124000 0.044000 0.044000 0.124000
0.003125 0.003125 0.503125 0.003125 0.065625 0.003125 0.003125 0.409375 0.003125 0.003125
0.003125 0.003125 0.628125 0.003125 0.034375 0.003125 0.003125 0.003125 0.315625 0.003125
0.002778 0.002778 0.530556 0.002778 0.030556 0.002778 0.002778 0.419444 0.002778 0.002778
0.002564 0.002564 0.002564 0.002564 0.951282 0.002564 0.028205 0.002564 0.002564 0.002564
0.859524 0.002381 0.097619 0.002381 0.002381 0.002381 0.002381 0.026190 0.002381 0.002381
0.856098 0.002439 0.002439 0.002439 0.124390 0.002439 0.002439 0.002439 0.002439 0.002439
0.284615 0.028205 0.002564 0.002564 0.669231 0.002564 0.002564 0.002564 0.002564 0.002564
0.003125 0.003125 0.409375 0.003125 0.003125 0.503125 0.003125 0.034375 0.034375 0.003125
0.002500 0.227500 0.002500 0.527500 0.002500 0.002500 0.002500 0.002500 0.227500 0.002500
0.004762 0.004762 0.100000 0.385714 0.004762 0.480952 0.004762 0.004762 0.004762 0.004762
0.003333 0.003333 0.403333 0.003333 0.003333 0.503333 0.003333 0.070000 0.003333 0.003333
0.002000 0.022000 0.002000 0.002000 0.082000 0.222000 0.602000 0.002000 0.002000 0.062000
0.522000 0.362000 0.062000 0.002000 0.002000 0.002000 0.002000 0.002000 0.042000 0.002000
0.002000 0.462000 0.002000 0.002000 0.002000 0.002000 0.002000 0.042000 0.482000 0.002000
0.002500 0.002500 0.002500 0.002500 0.002500 0.002500 0.927500 0.002500 0.052500 0.002500
0.001887 0.001887 0.096226 0.001887 0.001887 0.001887 0.681132 0.001887 0.001887 0.209434
0.003704 0.040741 0.003704 0.003704 0.818519 0.003704 0.003704 0.077778 0.040741 0.003704
0.001786 0.001786 0.412500 0.037500 0.019643 0.501786 0.001786 0.001786 0.001786 0.019643
0.001923 0.001923 0.290385 0.348077 0.001923 0.290385 0.001923 0.001923 0.059615 0.001923
0.002041 0.002041 0.002041 0.471429 0.002041 0.002041 0.002041 0.002041 0.002041 0.512245
0.001961 0.001961 0.943137 0.001961 0.001961 0.001961 0.001961 0.001961 0.041176 0.001961
0.731818 0.004545 0.004545 0.004545 0.004545 0.186364 0.004545 0.004545 0.050000 0.004545
0.275758 0.003030 0.336364 0.003030 0.003030 0.003030 0.003030 0.003030 0.003030 0.366667
0.868182 0.004545 0.004545 0.004545 0.095455 0.004545 0.004545 0.004545 0.004545 0.004545
0.004167 0.004167 0.004167 0.004167 0.004167 0.962500 0.004167 0.004167 0.004167 0.004167
0.004000 0.004000 0.004000 0.084000 0.004000 0.884000 0.004000 0.004000 0.004000 0.004000
0.003704 0.188889 0.003704 0.003704 0.003704 0.670370 0.040741 0.003704 0.077778 0.003704
0.003846 0.196154 0.003846 0.234615 0.003846 0.003846 0.503846 0.003846 0.003846 0.042308
0.004348 0.700000 0.004348 0.047826 0.221739 0.004348 0.004348 0.004348 0.004348 0.004348
0.440625 0.409375 0.003125 0.128125 0.003125 0.003125 0.003125 0.003125 0.003125 0.003125
0.484000 0.364000 0.004000 0.124000 0.004000 0.004000 0.004000 0.004000 0.004000 0.004000
0.004167 0.004167 0.004167 0.837500 0.004167 0.087500 0.004167 0.004167 0.045833 0.004167
0.007143 0.007143 0.078571 0.507143 0.007143 0.364286 0.007143 0.007143 0.007143 0.007143
0.091304 0.004348 0.004348 0.004348 0.134783 0.482609 0.004348 0.004348 0.004348 0.265217
0.004000 0.004000 0.004000 0.964000 0.004000 0.004000 0.004000 0.004000 0.004000 0.004000
