0.000003 0.992945 0.000003 0.000003 0.000003 0.000003 0.000003 0.000003 0.000003 0.007030
0.000000 0.454973 0.057893 0.001171 0.010667 0.155617 0.001108 0.256051 0.000000 0.062520
0.120546 0.165508 0.285842 0.002897 0.037822 0.155254 0.183727 0.048206 0.000005 0.000194
0.053551 0.159899 0.553083 0.050706 0.065703 0.016805 0.041136 0.022462 0.036656 0.000000
0.106010 0.109359 0.509814 0.000000 0.001254 0.142917 0.094520 0.020046 0.015600 0.000479
0.124809 0.101090 0.440568 0.000424 0.014416 0.156968 0.138571 0.003112 0.019182 0.000860
0.006576 0.101449 0.340059 0.001314 0.154736 0.208520 0.007933 0.145636 0.024858 0.008919
0.140484 0.103036 0.418263 0.003179 0.104967 0.000000 0.192982 0.001302 0.035279 0.000508
0.229199 0.073075 0.372875 0.000000 0.115835 0.032794 0.149799 0.003939 0.021632 0.000853
0.222452 0.025532 0.278949 0.000085 0.060282 0.122426 0.246571 0.023313 0.020360 0.000030
0.363615 0.039859 0.261533 0.027030 0.067394 0.131736 0.063208 0.032430 0.002344 0.010852
0.287648 0.056023 0.243155 0.020143 0.089401 0.144681 0.140237 0.000921 0.017653 0.000139
0.110597 0.000001 0.028881 0.043671 0.173069 0.283847 0.346560 0.004093 0.009281 0.000001
0.135565 0.000177 0.034525 0.075460 0.162414 0.282498 0.293293 0.000046 0.015982 0.000040
0.000186 0.000000 0.076826 0.000613 0.002170 0.188423 0.221362 0.038264 0.456853 0.015303
0.000001 0.000011 0.047525 0.016985 0.033191 0.332612 0.470821 0.004861 0.093988 0.000006
0.217922 0.062071 0.005664 0.008446 0.102370 0.000001 0.544313 0.040289 0.018397 0.000529
0.214782 0.083277 0.000589 0.057134 0.069959 0.000001 0.500169 0.033522 0.018142 0.022425
0.289422 0.027098 0.015931 0.014327 0.027600 0.047288 0.509004 0.004832 0.060168 0.004330
0.195834 0.060285 0.001085 0.056460 0.000001 0.000001 0.529691 0.013568 0.092964 0.050110
0.014670 0.000290 0.033631 0.042183 0.034366 0.126875 0.038406 0.064536 0.315492 0.329551
0.006776 0.120028 0.001586 0.160810 0.017571 0.033123 0.001965 0.043903 0.042550 0.571688
0.061970 0.063397 0.019611 0.041081 0.010802 0.162648 0.092248 0.094753 0.189970 0.263520
0.119689 0.034867 0.013308 0.013243 0.002136 0.128229 0.030994 0.067382 0.352590 0.237561
0.036949 0.000000 0.022036 0.063143 0.083322 0.164116 0.006167 0.067992 0.230178 0.326098
0.099616 0.180458 0.000001 0.044108 0.000172 0.011108 0.000001 0.279301 0.302855 0.082381
0.129264 0.080198 0.000001 0.096507 0.002210 0.159709 0.000369 0.075585 0.389322 0.066836
0.160791 0.054687 0.001136 0.066433 0.084378 0.129874 0.080023 0.025245 0.368158 0.029275
0.121497 0.129411 0.012697 0.000001 0.003311 0.000001 0.014431 0.293241 0.337474 0.087936
0.215537 0.080339 0.018965 0.005641 0.073545 0.185473 0.117397 0.193901 0.064269 0.044933
0.104141 0.124220 0.049514 0.003277 0.066128 0.021526 0.250270 0.361292 0.011542 0.008091
0.011591 0.058770 0.036619 0.005144 0.060573 0.238340 0.225449 0.362526 0.000070 0.000919
0.083688 0.019844 0.012564 0.028533 0.056420 0.263546 0.408376 0.032692 0.094081 0.000256
0.165056 0.012811 0.005196 0.063255 0.475951 0.092244 0.106631 0.010848 0.068008 0.000001
0.125638 0.031042 0.000090 0.084532 0.399607 0.000001 0.234062 0.045978 0.079028 0.000023
0.187972 0.022384 0.001575 0.117475 0.436981 0.041674 0.053369 0.015481 0.120847 0.002242
0.047825 0.024766 0.008560 0.224267 0.460194 0.010175 0.086741 0.028259 0.103168 0.006045
0.097852 0.088396 0.004000 0.059072 0.481416 0.136192 0.000559 0.038545 0.092894 0.001073
0.063493 0.040615 0.002571 0.027432 0.559801 0.137573 0.056527 0.032290 0.076120 0.003577
0.048099 0.011474 0.007810 0.001923 0.543557 0.159315 0.138298 0.038179 0.050882 0.000464
0.006224 0.006806 0.014270 0.543113 0.132044 0.095781 0.022978 0.002138 0.012250 0.164396
0.052118 0.026798 0.021801 0.711033 0.009917 0.000473 0.047031 0.012843 0.062357 0.055630
0.078599 0.000000 0.029092 0.497895 0.104864 0.144917 0.048005 0.013150 0.073410 0.010067
0.059999 0.013888 0.011298 0.663012 0.036279 0.027754 0.081029 0.000836 0.001314 0.104592
