4.822502256600659787e-01 1.379939363510153784e-04 1.447110929642385184e-02 1.305988768670056539e-04 3.253680863624925507e-02 8.994307170213913794e-02 1.219141075863136754e-02 8.702844298516472510e-02 1.927539207609400493e-02 1.401401349067857571e-01 4.145457044214729408e-02 3.249425562791621175e-02 4.248881929648246764e-02 5.186115162435917837e-03 2.710506362459955609e-04
4.802044566000645553e-01 2.287810400697372695e-02 6.387329164036704109e-03 3.397836939990404957e-03 1.709312156067150160e-02 3.128376746289518451e-02 5.313077430169452393e-03 1.380451196599149499e-01 8.344623244657204883e-03 2.052604513289489618e-01 2.966113518298342522e-02 1.811805514171171624e-02 3.352824910621274995e-02 3.251023370715804103e-04 1.595708336978594378e-04
5.706957678143402823e-01 1.344796219450154382e-04 1.464439791244534668e-02 1.270113666974769971e-04 3.229091851327573620e-02 3.172974555172233813e-02 1.242956478134796955e-02 1.598883296773103702e-01 1.965552769226583396e-02 7.128014322406206471e-02 2.304109690794429663e-02 1.191302755254686208e-02 5.150914848118890582e-02 5.265560337615314036e-04 1.342848691460469667e-04
3.849588153458581297e-01 3.439496452815981545e-03 6.765745103518175894e-03 6.128172231305157843e-04 2.705609905612020930e-02 4.117915407623923968e-02 5.703184983972808646e-03 1.399998342180748256e-01 8.969372765610059486e-03 2.899869714606307380e-01 3.116438136130307915e-02 1.746973232332304712e-02 4.221534394252442896e-02 3.286574262582299876e-04 1.503942606207551037e-04
4.100372604113080577e-01 1.437057461309987762e-04 4.112499783892988037e-02 1.363084210037647786e-04 6.728254657759573376e-02 1.456623744148550538e-02 3.565346569533317522e-02 1.380280060716443657e-01 5.651339609247539586e-02 1.229731841955210847e-01 1.831196827288685686e-02 1.544233249192944121e-02 7.837033862000315765e-02 1.272739280746566781e-03 1.435128430062852659e-04
4.869728365358345079e-01 1.505745902572040338e-04 6.249337519139336111e-04 1.428924810573021066e-04 6.057131713879773671e-02 4.110314247243736230e-02 1.479556154267829557e-04 1.304139024959670434e-01 1.516016854432715194e-04 1.518196062949879466e-01 2.908029496246788276e-02 1.452888474330480892e-02 8.393462470689855293e-02 2.055371456724395455e-04 1.518953795333602332e-04
5.046680872455698852e-01 1.470735172959547650e-03 5.957704238589673707e-04 3.335314139111837314e-04 5.773663624720368204e-02 2.284668769977639055e-02 1.502162863194758593e-04 1.426947705022734991e-01 1.537907086718849582e-04 1.435881298900644198e-01 2.332818758233185311e-02 1.801167860559981307e-02 8.379261227481131502e-02 4.676311759065881601e-04 1.615347707415257391e-04
4.639954115719762129e-01 1.511572708454598461e-04 2.951624045617916650e-02 1.432822319624553486e-04 8.051599275549288504e-02 2.497380170657150303e-03 1.214236025426669412e-02 1.346117259295336877e-01 1.899461088732077099e-02 2.932662821765465860e-02 1.292981980327441785e-02 6.014104484186036381e-02 1.032179907977093247e-01 3.000316538130219299e-02 2.181318942996464047e-02
5.274923319144984024e-01 3.345816762097614445e-04 1.506312878122919750e-03 1.681200040097854335e-04 4.714650274794206231e-02 9.032188389281320395e-02 1.531210885179366463e-04 1.389436708528478948e-01 1.506840657303356668e-04 5.756336646282426278e-02 5.070468600279053051e-02 2.135061557141954697e-02 6.055706329636099255e-02 2.347066469122784538e-03 1.259993076789612913e-03
3.141488463266416398e-01 1.486268679066456155e-01 2.997753554968617465e-02 2.146617000820684462e-02 1.159311262469573250e-01 1.087515079140824806e-02 2.611032680691058316e-02 9.158902372580815521e-02 4.128472332919119053e-02 8.311258273437619956e-03 6.127931673625929693e-02 5.021775862485539782e-02 7.879907691371600131e-02 1.102296878215425300e-03 2.805218820606515629e-04
3.027010487858150523e-01 5.529933082192471649e-02 6.653520366735676816e-02 8.054162373926159260e-03 3.649061497350523930e-02 7.428186143403763507e-03 5.796179933458319583e-02 9.810497927643851979e-02 9.189709198365830778e-02 1.863200680358911565e-01 2.874835040796043864e-02 2.690369885065940075e-02 3.128128151524445233e-02 2.084870955850192352e-03 1.893128737827844013e-04
3.147709630984573681e-01 1.709721401928386009e-01 2.676044314316482209e-02 2.467621365822804391e-02 1.124679491434679574e-01 3.070810186952941615e-03 2.333976875535699255e-02 9.257806602813117847e-02 3.687477357055146676e-02 3.246044384191625032e-04 6.543743166538200373e-02 5.636238572667949531e-02 7.102860356757385862e-02 1.034501505235839664e-03 3.013453195603960576e-04
7.635338652781012980e-01 2.215322559569556419e-04 1.057233879773033158e-03 1.480217213961448582e-04 1.164781103762910957e-03 1.086606593120723052e-02 1.412882540922769700e-04 1.135318961928567377e-01 1.444600221691725130e-04 2.701141105003211640e-02 1.065052910205505944e-02 7.251626124606777753e-03 6.398883107169177353e-02 1.450657443417267042e-04 1.433922679569181273e-04
5.605555164019163650e-01 3.852104036810485833e-04 1.140358509234117934e-03 1.747236360561767231e-04 2.899080885804738647e-02 1.721256597453474499e-03 2.035292231724436963e-04 9.874545209160458248e-02 2.367653756095553408e-04 2.067739721146828191e-01 7.330552771261238630e-03 1.416578266435237349e-02 7.738586467595587326e-02 1.553950599589402773e-03 6.362560773831508597e-04
4.461030058430583423e-01 1.297153535930253029e-04 1.942048121294379787e-02 1.226139214708806783e-04 7.020675521447967971e-02 1.647075140925081255e-02 1.613062964739884336e-02 7.936091407676243437e-02 2.552543810639946315e-02 2.224530103645433743e-01 6.433459764748145765e-03 1.163577888593591778e-03 9.408345024027034431e-02 1.460903496052169768e-03 9.352934604351034742e-04
7.071690535463387439e-01 1.267946520032539105e-04 1.869735492806933949e-02 1.191683509245136180e-04 3.393454958792342137e-03 7.767996937717497503e-03 1.370009451230843993e-02 1.035425290770881079e-01 2.164767156041701168e-02 5.814266247969401141e-02 2.780179481457453576e-03 9.171565974666415081e-04 5.482015571250539732e-02 3.846802321414264422e-03 3.328924883803073293e-03
2.032361726897250753e-01 4.214798039934795557e-03 1.151349894278436842e-01 7.122035254796434253e-04 1.376759391927278031e-01 3.515934501743048918e-02 1.000136456332462315e-01 5.703701429001160374e-03 1.586738397395250355e-01 8.234090702414212370e-02 1.388287913392834833e-02 9.239368908285097715e-03 1.286276120630974740e-01 4.938111673218142927e-03 4.464865024149476517e-04
3.472460196177815650e-01 1.450461495676665677e-04 8.146003934392893886e-02 1.375008779378878972e-04 1.726776065172912905e-02 6.645499077899935658e-02 3.526932081773036937e-02 2.219831852048042425e-02 5.538545840330990483e-02 7.866254367270932024e-02 2.682275956827827670e-02 8.086228295662042931e-02 5.891094093587889019e-02 7.190628984785189803e-02 5.727072785719599518e-02
3.841518822144653345e-01 2.213909128355883880e-04 1.090120211887293800e-01 1.339670940837090851e-04 4.163752609482794520e-02 4.210442312753531063e-02 9.453710291252732933e-02 3.251662044459316392e-02 1.499845787689655929e-01 1.115730522366129192e-02 1.525407991548457035e-02 6.892826825490036557e-02 3.394765868410772047e-02 1.549364601531063972e-02 9.195291479722234344e-04
2.064949087577692410e-01 1.328170064135456106e-04 1.240837910732436322e-01 1.252099272656905958e-04 9.796057206824566876e-02 1.610345520819430817e-02 7.898237310371512832e-02 2.896935025447893580e-02 1.248718200017218671e-01 9.013305736397747570e-02 4.964050489907119446e-03 3.668286904936205925e-04 1.310578762207854631e-01 4.912527724473247231e-02 4.662861258905601214e-02
2.566469761560573049e-01 1.356499810691342450e-04 6.571537376597737234e-02 1.280357050630504543e-04 6.940359698169377978e-02 1.722020375579935356e-02 2.210094417193962657e-02 5.861281137004963754e-02 3.449434528937887767e-02 2.304518092747588343e-01 6.606617375475053351e-03 5.035775687155106400e-03 1.195337331332305547e-01 5.763479271650833596e-02 5.627933463584403745e-02
3.690044800049990803e-01 1.254035627999795853e-04 7.597721649787783638e-02 1.181134452832852051e-04 4.785711531179134143e-02 1.462427382467549252e-03 1.261943217134657395e-02 1.068240834229758213e-01 1.918082276912462525e-02 7.544147417812829826e-02 3.322216066996437601e-04 3.573682081067378947e-04 1.187760634655500303e-01 8.615334621396118775e-02 8.577043175888815485e-02
2.112420277430972493e-01 1.460177143668122811e-04 8.287222167067641310e-02 1.387099452338547189e-04 2.641072920585138192e-02 4.749928538579663989e-02 8.577755426211096856e-04 4.017703801396524388e-02 2.420225275366007689e-04 2.160745077239348833e-01 1.972789146597205001e-02 1.258099124332836714e-03 1.252987329737685618e-01 1.140457350454203989e-01 1.140092059174259292e-01
1.995782925632801630e-01 1.551265122419333373e-04 6.279241049053424506e-02 1.478823270588274809e-04 8.995460728031906550e-02 7.811911908304532007e-04 6.493233376929876581e-04 2.083464703649096778e-02 1.560950571473668919e-04 2.180055784273282060e-01 4.225103252952243696e-04 6.271989511389762517e-02 1.596517795628299707e-01 9.727022295276790964e-02 8.688043782228503653e-02
3.247174226526403085e-01 1.335588726896727617e-04 5.038932044193056986e-02 1.263320336548652946e-04 1.954457481938244937e-02 1.427187485451942607e-02 3.179729847023535227e-02 5.282054311046439909e-02 5.022340231347986045e-02 3.269040648779363289e-01 4.768343481182743364e-03 2.823454307337541422e-02 5.170568515522490360e-02 2.492135131269173492e-02 1.944168453059197735e-02
4.184436447638268386e-01 6.987763381681648227e-03 2.657004599193448294e-02 1.111765469037891661e-03 5.987460683140814754e-02 8.699287498605740021e-02 7.216460008955819438e-04 7.177569826442260770e-02 7.449133372951695928e-04 9.568348203407905928e-02 3.867661296132581666e-02 3.148250328077176891e-02 8.469734064866819845e-02 4.057739135386539270e-02 3.565971069473006239e-02
4.054854638793652377e-01 1.254609268888710568e-04 7.822704351774634191e-02 1.178943743300206004e-04 2.135926761467524942e-02 4.046214778020209429e-02 6.382253510631183402e-02 5.969807060461854165e-02 1.011759804355089193e-01 1.133930477993803365e-01 1.511903399329294143e-02 4.996904482754858934e-02 2.659453404130499368e-02 1.738829668321056204e-02 7.062178415615598913e-03
4.512579400941964525e-01 1.351515522021052977e-04 3.633791575478464986e-02 1.278415706049839556e-04 7.218563506948237618e-02 8.682380089090178943e-02 3.127365745089226434e-02 5.034481841560050491e-02 4.956552826507488324e-02 4.031739408896679172e-02 3.566644500160485315e-02 6.766629159026842089e-02 6.485195415915492867e-02 1.289389586825951707e-02 5.517302280055751997e-04
6.556490444092858416e-01 9.757963511274881079e-04 2.528160836291770859e-03 2.293525829167543308e-04 1.541623208767139985e-02 5.273973020498717162e-02 1.283875547013631734e-04 1.508288867352553797e-01 1.145556874357542119e-04 1.614867795536775209e-03 2.220795207458775913e-02 6.765147152423482690e-02 1.165890081081106221e-02 1.479304104676258842e-02 3.463620298394251302e-03
3.602083196425272527e-01 2.208114516521008752e-04 2.856071520760901719e-02 1.417657488639433451e-04 1.504530515110114597e-01 4.513938650017051274e-02 1.978356324013435391e-02 5.810279035721231666e-02 3.125477820349755603e-02 6.343726515422294654e-02 1.889308831559923310e-02 5.467284004032291200e-02 1.427268638570155235e-01 1.809422468464081876e-02 8.310536085520072239e-03
4.755327212275093363e-01 3.119274037354443111e-04 2.919911206832887483e-03 1.452468470223848736e-04 1.035451049582225280e-01 2.459989510649339753e-02 1.447120340205743821e-04 1.080693450416416040e-01 1.277879818023967080e-04 1.175183452049475691e-01 1.050899426206084418e-02 3.707254088320439261e-02 1.055413922234080121e-01 1.005455414120809930e-02 3.907521477890616574e-03
5.290532012314421717e-01 1.402051252153858202e-04 2.375761253970415376e-02 1.324089130050882092e-04 9.191547349536649536e-02 7.375270575171229831e-04 3.105798831245805153e-03 8.463005581934275601e-02 4.601937392593281190e-03 4.498627077400106644e-02 1.937533416636792087e-03 1.645450357278544634e-02 1.405744483951808788e-01 3.026552076561925264e-02 2.770750267034430975e-02
4.004906362830844002e-01 1.186218067945827897e-04 2.841782903802655275e-02 1.110171235771680682e-04 9.946945716546183505e-04 1.340843724710212743e-02 1.534114236912480916e-02 1.109829448940332225e-01 2.414960183771124730e-02 3.365580336538858686e-01 4.691118842658866493e-03 5.755492439906806368e-03 2.752807914672366491e-02 1.630873909194921478e-02 1.514361165376686309e-02
2.754548207101258916e-01 1.273368466296844110e-04 1.659241109779303613e-01 1.197986420666835599e-04 2.545660538181458363e-02 6.031554972201454146e-02 1.338595076783876403e-01 1.367637368953822841e-04 2.122528688552441645e-01 1.029693337260321681e-02 2.181930735492878734e-02 1.681577250534879719e-02 3.643955287190558945e-02 2.401678693621157532e-02 1.696428440789321188e-02
3.068296395836470625e-01 1.381878261859330185e-04 1.372983902613809648e-01 1.309414668776221803e-04 3.590092637141818754e-02 6.765805849447047160e-03 1.043417802192873611e-01 1.179959574093597269e-03 1.653229695903963015e-01 1.379653414686072936e-02 1.793690947885240316e-04 1.119463331794470079e-01 4.385568664211708656e-02 4.721675241340981405e-02 2.509672378064289888e-02
3.668528468642949791e-01 1.307255568091711102e-04 9.482679583877286211e-02 1.231304422400324584e-04 5.150605825689497097e-02 6.949002156134025110e-02 8.213757864198467651e-02 2.592875109748075252e-02 1.303031020374852966e-01 6.448285183817298316e-02 2.701876898925590145e-02 2.536809261025172943e-02 5.399058608111075713e-02 7.327958859786635852e-03 5.127313241190610115e-04
3.300045528401764350e-01 2.440992423812861660e-04 7.182839604606233719e-02 1.614627889375371732e-04 8.780662408243539163e-02 1.471582773551448342e-02 3.200549034626237743e-02 1.307439154768726998e-03 5.027180364311917282e-02 4.401467183793709992e-02 5.660360828573829037e-03 1.205742020524991354e-01 1.213635017416230533e-01 7.064640609717388886e-02 4.939516156253524054e-02
2.642407301661631180e-01 1.488786675885131363e-04 1.216425016407181869e-01 1.411050458192627296e-04 9.604634893343682797e-03 1.045777755383590218e-02 6.221101488618472654e-03 4.752916965992066978e-02 8.337848180198517700e-03 1.853771679066770761e-02 4.260253535946965063e-03 4.451409037872244845e-02 1.370616142478557897e-01 1.674673092777650418e-01 1.598352684728358009e-01
3.938547794005303193e-01 6.710740850037389847e-04 6.246218313247419579e-02 2.055756582866729708e-04 5.587372948328576949e-02 4.122808077901323680e-04 6.906629246745979401e-04 8.869665361709132279e-02 2.371483762940546048e-04 2.563783082768423746e-02 4.538737262736234181e-04 6.947152266024671230e-02 1.168647945752497586e-01 9.805836812156086546e-02 8.640952260355409809e-02
4.859067684788390129e-01 1.305962282704629918e-04 6.222177604694881931e-02 1.233017058489246963e-04 1.546281934563314107e-02 3.478615219109797152e-03 1.305495877027152210e-02 9.598266166127329690e-02 2.005122888513927171e-02 1.630659058068224462e-02 1.064160174278823119e-03 7.214088790636816184e-02 6.923066566279685585e-02 7.867933438309170080e-02 6.616563495144817120e-02
6.139739674884618914e-01 1.499021267217526547e-04 2.023031171948052806e-02 1.422443819658719927e-04 1.973461742480698070e-02 1.056313363437960950e-01 1.242096328354964398e-02 2.291742612431259610e-02 1.956877873823084993e-02 4.581815933773080059e-03 4.400605900746941412e-02 5.670379055846724164e-02 5.511922406792146845e-02 1.735648020794954699e-02 7.463082593093060130e-03
5.004134084791418413e-01 7.890305064773183363e-04 4.566041249766320670e-02 2.289894367988752264e-04 5.813986325239495646e-04 2.289372394406334610e-01 3.321445261212559175e-02 1.024987127241356764e-03 5.256000653189867033e-02 1.148252562959220253e-03 9.513731865847760427e-02 3.247996986904079031e-04 2.075056547251414793e-02 1.013969780242511033e-02 9.089440540429186491e-03
5.670634568586667701e-01 1.280754962795125848e-04 4.179154835984463107e-02 1.200459421673437290e-04 3.696593957368424742e-03 1.387131319330120183e-01 3.577841130303016648e-02 6.381530172954964775e-02 5.672132877814468899e-02 4.032516188841420461e-04 5.704286256443904385e-02 1.683374091327359892e-02 1.352634182595656952e-02 4.155366997001404793e-03 2.105417223819994492e-04
5.475897033707138872e-01 1.453338417358451275e-04 2.240249822823232873e-02 1.375123745459223064e-04 2.790236693227226075e-02 1.036377491840740211e-01 1.904504777557334064e-02 3.331455696870747746e-02 3.015015801096334810e-02 2.613814777605552760e-03 4.294773424301216030e-02 1.226548320779737300e-01 2.474813197284384675e-02 2.195936741106897100e-02 7.511928306773059394e-04
