5.221424974116715134e-01 5.484383863792482300e-02 6.278010062313069085e-04 1.575301170685118038e-04 3.624367830500097726e-02 5.328218751384058982e-02 3.003004711419485565e-02 1.267191388875606450e-01 5.165685597265568972e-04 8.920051174910442748e-02 7.359360643882882635e-02 1.585761844337014190e-04 9.588530524099789232e-03 1.416974940885775205e-03 1.478512609427572611e-03
4.404076497689943248e-01 2.814968426921799979e-02 1.215486168931529699e-02 9.991321777656056360e-04 4.028653111180235252e-02 2.516157344456992906e-02 1.553418045926157134e-02 1.677327219145782200e-01 4.817619501926143424e-03 1.053511333425362351e-01 3.381993362259567981e-02 1.868503118419037948e-02 8.070692431519507770e-02 1.281437032637666555e-02 1.337865287167449083e-02
4.640529948448643971e-01 2.371553291071371028e-02 1.691036636849972338e-02 4.266122679335977025e-03 4.923643392161784760e-02 2.941814409785079715e-02 2.211530215573082395e-02 1.289789720694108355e-01 2.858919572268923265e-02 1.163831485957063233e-01 2.718309378830538470e-02 2.156180731514981130e-02 5.607952658808500884e-02 7.484600236532387534e-03 4.024758705507713689e-03
5.249745855547041096e-01 3.694491295742986792e-02 2.135416786377491646e-02 8.142778669826286272e-03 3.978363528729371434e-02 2.440282504084307150e-02 1.443268286237900724e-02 1.254401615932176084e-01 2.068418279615025918e-02 1.127850117316853418e-01 1.821000854965832208e-02 1.557743823526719883e-02 2.173508720572065595e-02 9.555362582408636479e-03 5.977159069640749882e-03
4.835597873488923781e-01 3.196229594473563862e-02 1.302763544233023936e-02 7.507903789708139826e-03 4.627370537331025602e-02 2.384154969311861813e-02 1.620988964869888443e-02 1.509226539880821893e-01 2.080276544943156919e-02 1.362113750060160444e-01 2.068530248456379797e-02 1.708295411402454417e-02 2.950888442704756656e-02 1.578490293277713414e-03 8.248069967624148792e-04
4.721870455284762902e-01 2.799770946352301074e-02 1.628241093097891612e-02 6.502192571825492727e-03 4.853215238818569394e-02 2.658471647906527485e-02 1.927842164540850833e-02 1.390526134507753253e-01 2.623989351972745576e-02 1.335127861198487087e-01 2.250814834497839173e-02 1.930636468522798146e-02 3.598094864371724488e-02 3.937720203884732470e-03 2.096876024376834007e-03
4.461344091898666320e-01 2.294471423275650998e-02 3.083251208801526116e-02 5.063189023585879835e-03 3.657496245295586978e-02 7.507236838199479907e-03 5.366386752569839678e-03 1.661832071076529693e-01 2.285617459425308765e-02 1.257462019814744314e-01 8.438841903088870056e-03 2.030596829855767921e-02 6.314628748261971736e-02 2.276413024663659010e-02 1.613577780776715917e-02
4.778811635496517662e-01 2.697633283195699505e-02 3.230883994608753362e-02 6.180061182674797746e-03 5.470138400149272134e-02 2.987370529153277054e-02 2.337390886841592824e-02 8.549965622682410837e-02 4.158073734578543457e-02 9.668690023612315498e-02 2.483420475286827328e-02 2.672620184856537573e-02 4.717616112937844663e-02 1.674764197352383160e-02 9.453100815118761421e-03
4.125691520770112253e-01 2.302818097640503547e-02 3.872294848932268663e-02 5.522942010419223079e-03 7.236640312803184483e-02 4.237530576707373986e-02 2.806338416462872756e-02 8.475232464005325039e-02 6.008805559767083776e-02 9.081118352154494977e-02 3.202132975914938340e-02 3.828049237989075010e-02 4.290835450481607360e-02 1.790528637398071041e-02 1.058465661000137018e-02
4.214220780912687481e-01 1.564916951269140072e-02 3.047048823666629463e-02 4.158092302996135511e-03 6.728216003023218539e-02 3.873612682805326057e-02 2.928489522520154667e-02 9.466520218716505120e-02 5.122618373033350353e-02 1.036141559142240848e-01 2.856717505076330002e-02 3.607765717466335231e-02 6.168645131936529441e-02 1.131269588576763567e-02 5.847468510608209991e-03
3.159132612427437148e-01 1.556528156934483369e-02 4.097170159344728363e-02 3.914782557639107097e-03 9.799639049896712029e-02 6.594115521576328354e-02 3.638656774081931028e-02 9.824092395646076559e-02 8.064223768125310110e-02 8.944385769014467913e-02 4.363733820276429615e-02 5.515081634712883790e-02 3.530352764651729230e-02 1.234599968221759651e-02 8.546158374788781487e-03
3.651431393962566441e-01 1.551981762361270833e-02 3.871709957918739731e-02 3.643530022515004477e-03 8.132769891131819140e-02 5.354392915298990946e-02 3.295130959168986184e-02 9.501715873073464380e-02 6.825436783456251266e-02 9.818528243109587994e-02 3.711064531784293713e-02 4.475273012214276563e-02 4.316196184805212721e-02 1.416479966912027356e-02 8.506529768879176126e-03
4.372214407240006540e-01 1.577576743735163538e-03 3.455091446540146938e-02 5.333945127859743502e-04 4.114798844475602013e-02 2.394592842755910445e-02 2.456970004501915147e-02 9.559617452392780990e-02 4.597085350210750737e-02 1.149300892989071898e-01 1.519583865086388680e-02 2.468539860816774609e-02 9.624490322946319121e-02 2.753014428903029567e-02 1.629965453427471844e-02
4.275738248227042293e-01 1.876052359681205190e-03 3.615799349821675890e-02 6.181102146055508350e-04 4.615140093870914034e-02 3.208503929969993423e-02 2.645346673990853215e-02 9.536965913237356596e-02 5.016187611732026569e-02 1.119940352994788085e-01 1.751383323300569755e-02 2.830519838304184146e-02 8.483539791581280742e-02 2.553500772567976473e-02 1.536910431976181227e-02
5.047486370705080994e-01 4.007784870526681469e-03 7.106171400386344927e-02 1.230247785613044305e-03 3.767233526760026263e-02 7.479226702520441403e-03 2.000242877934090696e-02 8.042479753854023250e-02 1.795385931342677061e-03 1.602766658203498562e-01 1.995593763998042714e-03 3.772749286068317193e-02 6.211945790164189601e-02 5.628193627933993949e-03 3.830038075537310800e-03
5.318787207261633787e-01 2.514633750592105022e-03 1.911747015095828159e-02 7.958413255629842717e-04 1.705510616587268408e-02 3.674686924035859906e-03 2.004522854907916929e-02 1.143614738222118593e-01 5.138831700337444242e-03 1.527904837908090341e-01 4.056682659879193645e-03 9.407413497252480397e-03 1.051371699703301660e-01 9.860838133639403605e-03 4.165418833275767556e-03
4.659055750684794051e-01 3.819232432491684488e-03 3.531018953908628827e-02 1.959285084343460285e-04 6.366808155099182298e-02 4.095685229612448103e-02 4.098860812701177886e-02 1.693680219760594630e-02 5.626706997308317248e-02 5.842060886436197670e-02 3.325693801221711599e-02 3.857213715202470472e-02 1.160846777207919372e-01 2.040590455159847078e-02 9.211394005696841789e-03
4.706134722998935871e-01 4.735211476631835149e-03 3.210406949204013677e-02 1.274798129449626258e-04 6.175340593591409355e-02 4.751841218578474468e-02 4.255842014866751538e-02 1.743846089362008703e-02 5.362526070409515122e-02 6.004139577186982935e-02 3.411451541196174747e-02 3.695709218852961248e-02 1.084789631949250460e-01 1.945240740209194449e-02 1.048143308102974028e-02
4.355003935356480116e-01 2.409242748402875504e-03 3.637274075583777494e-02 3.408685328628450247e-04 7.576532100420152460e-02 5.223750599634253283e-02 4.602487887854896792e-02 2.220224861195931737e-02 6.034095036505915388e-02 7.353872402153578680e-02 3.824166013920998058e-02 4.555142128419176206e-02 9.729602526267359941e-02 1.066612635386596751e-02 3.511892509659858119e-03
4.882060541450933822e-01 3.491238325951795743e-03 3.352789480636580305e-02 1.318235242865081302e-04 5.736189997506470351e-02 4.419799801195786054e-02 4.370343136932451633e-02 1.065975176732903047e-02 4.198953009728561420e-02 7.787952811554982313e-02 3.057301685572813912e-02 3.546501517531992775e-02 1.080270536685779270e-01 1.525458822661257888e-02 9.531175935552483811e-03
3.218071601304741125e-01 1.864181105852331585e-03 7.719462704563682942e-02 6.323267028503218919e-04 3.900337845210086196e-02 1.284283673594254979e-02 2.151995008071573567e-02 5.877933871336830235e-02 2.584951096428831502e-02 1.679259723636724322e-01 2.104373282306083986e-03 3.294686505474970356e-02 1.077466766193075076e-01 6.426458599383419457e-02 6.551821675490078489e-02
2.562416998647955024e-01 6.860395772927393998e-03 4.958366149159696562e-02 1.925270237579563583e-04 2.516483277802598895e-02 2.815620478219262729e-02 2.811766184827241624e-02 3.485712200464521210e-02 3.706889285995637606e-02 1.529777509828192938e-01 9.809016193966646827e-03 1.082449288912250285e-02 1.459392524802315960e-01 1.049679486018727098e-01 1.092385404258168352e-01
3.372617593402052472e-01 4.628920790174109214e-03 5.515445799818732842e-02 4.283552964406967521e-04 4.427486340034593459e-02 2.201105431838293325e-02 2.430809612216532078e-02 8.166667285729152514e-02 2.824637751932049246e-02 1.502430757563563979e-01 1.242845977188502572e-02 3.079059627586493847e-02 1.074842844088701593e-01 4.991091468123408370e-02 5.116211146327579590e-02
3.103279320549466314e-01 2.734152210333883667e-03 8.033116835387185684e-02 3.327264954898116007e-04 6.222525197167286248e-02 2.913853735632698783e-02 2.832510903388273799e-02 6.067205516478159366e-02 3.637987574940120677e-02 1.536440050128150270e-01 1.615415882723389429e-02 4.817333110941125068e-02 8.268895140656917775e-02 4.347186649342479198e-02 4.540087875983829513e-02
2.946081141832387340e-01 1.263798091535438956e-03 7.286151021434562891e-02 4.671019881793472004e-04 4.125247774748427160e-02 1.775445937006569011e-02 2.113118231627622579e-02 6.919968126422193500e-02 3.701997984535916608e-02 1.594164150895189813e-01 4.267473178608471689e-03 3.229114168568607279e-02 1.092282783765037013e-01 6.993592148933415464e-02 6.930246515964215426e-02
4.042235664133040918e-01 1.009585675364959093e-02 6.592092086182110844e-02 1.571632739837614456e-04 6.921297435588054381e-02 3.704077157033977552e-02 2.597453505141300925e-02 8.168660675377752145e-02 2.507394042642396501e-02 8.832910967424031923e-02 2.446917433719888665e-02 5.701625456862140229e-02 8.005236819022820693e-02 1.505840370731026390e-02 1.568835406180755024e-02
4.006349930250888147e-01 4.555450941145423698e-03 7.581918120507169512e-02 1.385199512689286522e-04 6.517560547528836179e-02 4.393503021885069443e-02 2.974449791351611513e-02 7.572251346960996721e-02 3.168482132914281213e-02 1.301888709124843779e-01 2.030228336944609260e-02 5.418849818599869028e-02 4.190108715064431999e-02 1.257189967490783371e-02 1.343674717753594317e-02
3.983849714207503556e-01 3.198388837935987015e-03 8.258778232330499236e-02 1.454317021695897901e-04 6.965892470837345418e-02 4.367085481572238054e-02 3.177075243639562729e-02 5.331180782466108520e-02 4.617365397222237405e-02 1.163501003347047619e-01 2.254438300241967327e-02 5.656718787841726048e-02 4.426948118452485315e-02 1.787583723256378626e-02 1.349044232583386689e-02
3.804326789392684649e-01 7.924122855108847036e-03 7.377602381381200003e-02 3.378066020854982227e-04 7.590079114679730565e-02 3.310581156322831703e-02 2.579245527412847225e-02 7.659817361717430328e-02 2.893045027879302677e-02 9.110366563510538529e-02 2.322049136853485130e-02 6.300929269793605070e-02 8.623808895918939899e-02 1.666320729543631710e-02 1.696693995340176758e-02
3.361936299665588268e-01 5.524277836549279681e-03 4.473666511643374644e-02 4.139869267023711750e-04 7.733982847274327443e-02 4.225074857954026070e-02 2.836935904582347026e-02 1.104539064956461814e-01 5.418059189236876239e-02 9.301510837017813726e-02 3.079201289820960100e-02 5.120493130891300149e-02 9.013236373678337743e-02 1.971149263776468888e-02 1.568109671578495762e-02
4.510893414410881985e-01 9.497827572163218199e-03 2.866000439325389407e-02 8.663602600320907416e-04 6.062944009393158445e-02 2.536517915134484796e-02 2.244930674523484132e-02 1.024758748667778940e-01 2.969505093996537698e-02 5.146636764400807501e-02 2.289940340476189981e-02 4.358003578684434276e-02 1.303011222258318447e-01 1.346808014030389904e-02 7.556605334457949276e-03
4.611928394918661245e-01 5.236500925850143782e-03 1.836863523896409625e-02 6.758817505637119060e-04 3.922142003494327039e-02 6.571172313929210008e-03 1.130367835873700121e-02 1.606733262148509478e-01 1.075046028248144263e-02 9.601755387236410311e-02 7.658866272390626832e-03 3.008700251329729514e-02 1.347472543315249571e-01 1.103647745242510199e-02 6.458930945812030137e-03
4.833707990394985887e-01 1.842975915028033764e-03 2.961482846207735137e-02 2.958407139841146287e-04 3.724055018226599123e-02 2.008281989689856412e-02 2.618785054592949468e-02 9.453365535634790373e-02 2.473710664434621356e-02 1.262816768573403470e-01 1.421797108847217862e-02 2.391570034801708544e-02 9.919680670986330551e-02 1.245796402521357621e-02 6.023454214717099270e-03
3.335721596517006726e-01 1.098340069208244554e-03 8.965314092620105257e-02 2.049273965580191543e-04 6.722447705045041244e-02 3.700474815639984150e-02 2.434748536777748412e-02 3.394559186809307377e-02 9.801483704006185016e-02 5.509374800238493047e-02 2.014063357307989410e-02 5.123070794969910441e-02 8.030170540553191461e-02 6.588714156271305300e-02 4.228035598014022456e-02
4.107726769923319421e-01 1.844464815424188111e-03 7.860334848789511664e-02 1.315933888662530261e-04 5.792786332079243733e-02 3.429585883735450369e-02 2.710946943603954537e-02 1.315960171413338604e-02 8.063656174703637269e-02 4.246763779501074032e-02 1.821863343333216673e-02 4.606200386746951009e-02 9.656771361506913398e-02 5.694364201979047052e-02 3.525893052945419659e-02
3.430547700874582162e-01 1.447597799658537207e-03 9.455873790549304547e-02 1.578530647841829091e-04 7.330018195256349234e-02 4.879698781154302029e-02 2.854169748855420879e-02 1.947886700744716135e-02 9.871660807270409010e-02 4.604982671833426910e-02 2.293003376981879796e-02 5.776090291638582425e-02 6.564040044432646603e-02 6.045714458667071634e-02 3.910839037425795084e-02
4.467189084292143009e-01 1.939335010033760645e-03 8.518342114842467061e-02 2.658867383462739406e-04 4.293888685314899145e-02 3.852413221854245062e-02 2.255328677834058868e-02 1.355402065984606663e-02 7.768491631100236938e-02 3.925040536931464347e-02 7.965532986612804470e-03 4.122413400153351198e-02 7.595060119479973837e-02 6.448403168081791315e-02 4.176250062002185431e-02
3.382492367458959648e-01 5.207935423820825131e-03 8.953718415882262749e-02 1.949246668031893168e-04 5.861484888689106471e-02 2.985220694516552836e-02 1.760323497907915341e-02 6.272592498820264706e-02 8.577341563447461736e-02 6.858316471143993676e-02 1.745086142436656079e-02 4.620440117319714324e-02 7.132602242925253910e-02 6.555671702705795356e-02 4.311992080553001677e-02
3.367015548403203828e-01 2.499535647991690465e-03 9.495217625476884415e-02 1.697168341578856818e-04 5.182615064056767668e-02 1.744756677833664629e-02 1.359040200715566464e-02 5.558967703462004695e-02 8.904895667630514933e-02 6.802546193238892536e-02 1.059957060467862748e-02 4.294187456540357606e-02 8.894342832849896907e-02 7.718351986048789526e-02 5.048040799431794540e-02
3.526645364672068572e-01 1.154888964476413413e-03 8.751793077517422415e-02 2.406331821985474800e-04 4.633673753374657062e-02 9.824922281337871224e-03 1.233470743260354184e-02 6.080310324560454088e-02 8.304523854745524125e-02 7.385860508323642548e-02 7.430478449390617510e-03 3.819429948257573731e-02 1.027372113907373957e-01 7.531947197994616483e-02 4.853723518430983624e-02
5.309261547972844442e-01 1.260499587322124956e-03 3.469992367870522454e-02 3.697387517746211143e-04 1.436382693373864684e-02 6.823946693363372451e-02 3.212966368958426050e-02 3.417726250469912269e-02 4.129402287981949471e-02 7.075723336285207055e-02 1.544505778466845293e-03 1.695574909400354713e-02 6.256916682934071661e-02 4.772785120038283702e-02 4.298493397839226599e-02
6.546493478264667765e-01 2.746837793873021811e-03 2.292964464921013606e-02 4.827507644857354017e-04 2.007434200781232914e-02 9.828364284225785119e-02 4.343554416323339856e-02 1.001433803674967038e-02 3.239249138776180426e-02 3.288720862570942982e-02 8.280813968290619276e-03 2.482055219805804139e-02 2.544742897628395409e-02 1.206227830997836509e-02 1.149277844982889325e-02
5.596151534028255270e-01 1.624559572819923902e-03 3.560021087953089969e-02 5.727427890236009038e-04 3.159253326925676869e-02 7.530712822404164730e-02 3.427475479407891129e-02 5.354709832215669846e-02 4.264762518298449712e-02 6.395450065944389972e-02 9.206712649494982678e-03 3.015065526843047072e-02 3.338034835585208804e-02 1.676927963657053045e-02 1.175669699348964696e-02
6.091231098735139238e-01 1.501644988162568811e-03 2.072752611270870654e-02 3.282974029411158214e-04 1.939431921093187974e-02 9.203510020855383555e-02 4.248722998577238175e-02 1.281515593928158128e-02 3.868467482102078137e-02 4.144222842802935264e-02 8.476038511330356504e-03 2.082244639051702984e-02 4.427881001687566237e-02 2.478359418077439105e-02 2.309982392958631961e-02
