4.736681691462469312e-01 1.368217529771587841e-03 3.036877580264509685e-02 7.483828190277862571e-04 6.208083386863897518e-02 2.568360906992019077e-02 2.957403414401228378e-02 1.348672607361879050e-01 6.947008796237754726e-03 8.638258382872655849e-02 1.994560677932380455e-02 3.253567516294864764e-02 9.234420400355643210e-02 1.827973934559728314e-03 1.657664378196275394e-03
4.029616163756893354e-01 9.990574516335234967e-02 5.590995665942161304e-03 1.511235673360030070e-02 2.509072009298762840e-02 6.486661980174716902e-03 1.033676159207026421e-02 1.842667053601948490e-01 5.296084604294695741e-02 8.896065731667203436e-02 5.089477099543351923e-02 8.821465719448725110e-03 4.489405890824493817e-02 1.926442849166352033e-03 1.790195204075589611e-03
5.120895008545046645e-01 7.023350645180313941e-03 5.579888709575559630e-03 1.828545450375119574e-03 2.327776943517412614e-02 6.761559773320817424e-03 2.065199146108035594e-02 2.022420764262235771e-01 8.759091752467928343e-03 9.194501478815811368e-02 4.439560235268133481e-02 2.584202903852093544e-02 4.600534024267555200e-02 1.863999366026375089e-03 1.734239704035172875e-03
4.103450564398479772e-01 8.975206036453955635e-03 3.144659010272060629e-02 1.937082869298529554e-03 7.270175711720321121e-02 2.150800115157736753e-02 3.421417112775378133e-02 1.569707527439551109e-01 1.254691677209398247e-02 9.296267673720290392e-02 4.141778940520423474e-02 3.964057076531882218e-02 7.153899773112486205e-02 1.985117206632488682e-03 1.809313793612150065e-03
4.967945443656354709e-01 1.329047309731816971e-02 2.442177748212963351e-02 2.329185581006733285e-03 4.587968020373423689e-02 7.649834591710363320e-03 1.176084790054384571e-02 1.272315337058649853e-01 3.240423421225123446e-02 1.395114095971992652e-01 7.372005291157416804e-03 1.704142888487552437e-02 6.826173950420397207e-02 4.163318107388138366e-03 1.887987474980807982e-03
6.538004641182899590e-01 1.466179303438878588e-03 7.565449209949100771e-03 7.577967768745339210e-04 1.358190246258989160e-02 3.706707082974043665e-02 6.189647634314504945e-03 5.245925444956586747e-02 3.069430410389711959e-03 1.125160522626187792e-01 5.198276721317193413e-03 6.767143795694054685e-03 9.577274112895295399e-02 1.991615194625324502e-03 1.796975701638521290e-03
5.496698114073207408e-01 1.054010076010601128e-02 5.595263995645239491e-03 2.148492368497619247e-03 3.612661733699814443e-02 1.539493395776524859e-02 3.848932631762246905e-03 7.678800296221417743e-02 1.161888854946521547e-02 1.773701594259061431e-01 4.180765427270172890e-02 8.316944277095840790e-03 5.657228165940804410e-02 2.205764078395801384e-03 1.996152316717705183e-03
4.640524641973090003e-01 1.429078438601329160e-03 7.806938207726189793e-02 6.944595221642307177e-04 4.141637543325711601e-02 7.519081809132552308e-02 4.881398979233971674e-02 3.769828069947518678e-02 9.360070091205673071e-02 2.356460881818490255e-02 7.114134013753202826e-03 5.321724870220684300e-02 5.789024812381989016e-02 1.322573300555136139e-02 4.022478172693035557e-03
5.291384126317905112e-01 1.091782091477550877e-02 6.353265751100970783e-03 2.190548187502784627e-03 6.051964457969256916e-02 9.130036984949614631e-02 3.250245113183822254e-02 5.427654489552500433e-02 1.533209727479358658e-02 4.973485009311080091e-02 1.181931010080919213e-02 8.644875645812266640e-02 2.657145793403407549e-02 1.302562096987852462e-02 9.868849227529223611e-03
2.489298098569965034e-01 9.569094676117277654e-02 4.014871941310721448e-02 1.449259965373478169e-02 8.243984206707437312e-02 2.206583535327272250e-02 3.509711649651194032e-02 1.537759122256335820e-01 5.593598441538768368e-02 7.824109037990889526e-02 7.338892538288351031e-02 2.861462384046905075e-02 6.706402630390836950e-02 2.142438703151020463e-03 1.972129146787567327e-03
3.357929284373853407e-01 1.421157428249994427e-03 4.935267338486515332e-02 8.013227175061926263e-04 1.171929205070451063e-01 2.880308537053686418e-02 3.480223006995589174e-02 4.651530482221293700e-02 1.408322090308339151e-02 1.809094617814919481e-01 7.341565455558782261e-02 3.503461344697085533e-02 7.828390846539572123e-02 1.880913833038134900e-03 1.710604276674681764e-03
2.316321812389970924e-01 9.802564789156689717e-02 4.210926732799549072e-02 1.483005560506552717e-02 8.675408607905960023e-02 2.162987264353068151e-02 3.668125102639753499e-02 1.569145152452677272e-01 5.737357381148019270e-02 7.759980268601610054e-02 7.585686110552748718e-02 3.000076168659081624e-02 6.671233498680907703e-02 2.015587469009439033e-03 1.864201196686369024e-03
6.818325190198597507e-01 1.241328852558455133e-03 2.574276471451861833e-03 7.327465257943103745e-04 3.809539279223769781e-03 3.775307323451820157e-02 1.219585475026069505e-03 3.978563770350340700e-02 3.381613353510868909e-03 1.195719583892826121e-01 1.408077110086077390e-03 2.875460480342378541e-03 9.673982011974724404e-02 3.921024322316593938e-03 3.153339662778188029e-03
4.946161843273652048e-01 6.519624520683872659e-03 1.583982844868872183e-02 1.324819325878678726e-03 6.324864751751489711e-02 4.532998241687646347e-03 1.005290049380032705e-02 1.302158006132486945e-01 9.048856948376114706e-03 1.588385476801093821e-01 8.586095806844953882e-03 2.057306239016101768e-02 7.401184686457157325e-02 1.360273241529934242e-03 1.230513579538731811e-03
5.518783854106890097e-01 1.018585197067227574e-03 8.618767392801077523e-03 5.348117642915774543e-04 4.780684825344524991e-02 5.826413738373449960e-03 4.562238741764894877e-03 1.214203812867133692e-01 5.025969590836299079e-03 1.596123371890220688e-01 1.177199393252038656e-03 1.543661994258394704e-02 7.445952770251752784e-02 1.377419464218947306e-03 1.244494932423081523e-03
6.298730285511782157e-01 1.182955291296647685e-03 8.036480790431290225e-03 6.743729645325027095e-04 1.696769369738883662e-02 2.688123199077913777e-02 2.839191757638499704e-03 6.793161065379496599e-02 2.826390980458406543e-03 1.288142693212153689e-01 1.349703548824269725e-03 6.062554047637469870e-03 9.032158851878201167e-02 8.314412704105930002e-03 7.924515181936543987e-03
3.220241966079165352e-01 8.503146685244124953e-03 1.085880367985152667e-01 1.684964867062306451e-03 6.849249991091879708e-02 4.667196974143265203e-02 5.385643979525948921e-02 4.186463044099951458e-02 1.125239044089759999e-01 6.709584769004769966e-02 2.911278032341423419e-02 3.331912968969259065e-02 8.777989291645359182e-02 1.438972597945584533e-02 4.092834144611380218e-03
4.477521807271255816e-01 1.405026971653055299e-03 3.701027558897407310e-02 9.091592030580140753e-04 5.071312418169116737e-02 7.719605481209315667e-02 2.797950914746326345e-02 1.848015970861236618e-02 4.553762077300282755e-03 8.348535124309885980e-02 3.120832508561673449e-02 6.184163720343380244e-02 3.771455408936911363e-02 6.104112477841038692e-02 5.870975518210011512e-02
4.618615703544828310e-01 1.654348704254017229e-03 8.211943914017966195e-02 7.098386688348908621e-04 4.543057115268037127e-02 8.718170971661298729e-02 5.175052759336619401e-02 1.368455651671155252e-02 1.002356575942933425e-01 1.827401805070963045e-02 6.630478594758439093e-03 6.043783234984063946e-02 5.111256499013688837e-02 1.441038498593238786e-02 4.506501587206163464e-03
3.124729242934285445e-01 1.676697256548990989e-02 1.082232712333168478e-01 2.882675044828750428e-03 6.610009941510272546e-02 4.615454235448960413e-02 5.417423046478445775e-02 5.160949993676620245e-02 1.162700074119410731e-01 5.751717370692776415e-02 2.886935580908940244e-02 3.306701313531609093e-02 8.722326043341505075e-02 1.448861000018612441e-02 4.180364194917430068e-03
2.857905689328673615e-01 1.203287000044216950e-03 5.772143439148469390e-02 8.065927851681839065e-04 5.055342990835336864e-02 1.774602184857095380e-02 1.651571207734963895e-02 3.625411034476781064e-02 8.530722195651173345e-02 1.799360804029699334e-01 1.333350640915762376e-03 4.217253288410009737e-02 1.116873605365240191e-01 6.621299505560818144e-02 4.675930123476400302e-02
3.201446432393655339e-01 1.122035283534781550e-03 6.658960495534567425e-02 7.253410686587486150e-04 4.125560459470630631e-02 3.847715421393767352e-03 1.350778262086019081e-02 1.005618124178418588e-01 4.937348377782675192e-03 1.337048732063014223e-01 9.461426371961104489e-03 1.314568767561684511e-02 1.021262226540906176e-01 9.624554767528210875e-02 9.262435443725827722e-02
2.518349244155749789e-01 1.082501136069696779e-02 7.376032898061705978e-02 2.494432848300275063e-03 2.493337606121188640e-02 7.425869596776125785e-03 1.118861996000522149e-02 4.559053984415677857e-02 1.230871464291851715e-02 1.725825685604380211e-01 6.956050876214651957e-02 1.700578540403849172e-03 7.432375178093313106e-02 1.230337888199710128e-01 1.184369858258496194e-01
1.936670939286977700e-01 1.413815435217430794e-03 3.210119446567931412e-02 9.179476666223894627e-04 7.978241793715645791e-02 2.148309816895283345e-03 1.392615642123354747e-03 1.822513532996668933e-02 6.287490542293723561e-02 2.745635787280728546e-01 8.163221333612250691e-03 5.443566520087817634e-02 1.234177178640335354e-01 8.484284504884384570e-02 6.205353617926329807e-02
2.628436676687747608e-01 1.229721503566318444e-03 3.091766968599685833e-02 8.554816782115704041e-04 7.215584982387893143e-02 4.693898840078069776e-03 1.169429120786300534e-02 8.335514421782332095e-02 4.719199557936964995e-02 2.039040735708554930e-01 5.974854450474170915e-03 5.246125336263601086e-02 1.144579766582340813e-01 6.250076426163632404e-02 4.576335749060132796e-02
6.195052228237770686e-01 1.875184263734376924e-02 8.108121879291585107e-03 3.324845392164709010e-03 4.071169594385155160e-03 3.349422372033552392e-02 3.526366240398798486e-03 5.872546778608352808e-02 1.129762272307229844e-02 1.115300585700369634e-01 1.530127783408447885e-02 1.854744821986142097e-03 8.724876403110151668e-02 1.191172862786933281e-02 1.134854331806910664e-02
3.415607570704589091e-01 9.124344561593021163e-04 1.083078730236344822e-01 5.582431928771297829e-04 6.969348178491319157e-02 5.167273604289601696e-02 5.520903290501113364e-02 3.825006229007334169e-02 1.079910186519058707e-01 5.931002572213494445e-02 2.115264797578888037e-02 3.783417188838498341e-02 9.010465652102857270e-02 1.383338024985379319e-02 3.609478224879376571e-03
4.308992726039490018e-01 1.013437013124084346e-03 6.704555950533715170e-02 6.320002680509756963e-04 7.548884646835378465e-02 7.772074394354522298e-02 4.858373423753261505e-02 2.306243127692642059e-02 6.433099921780646713e-02 5.771501911499304222e-02 2.287265538446095828e-02 6.214098968017202351e-02 5.724300059345273362e-02 8.599187789975209703e-03 2.652122902320191902e-03
5.859779848866051299e-01 1.218054455047844990e-03 1.612582943055050708e-03 8.132644398682194967e-04 3.563032526302350317e-02 6.656095857372595903e-02 3.442179955731496099e-02 1.585709638533503441e-01 1.588768191540999158e-03 2.886472357312742498e-03 1.350772455937176986e-03 7.306364844364710009e-02 3.337902007554044426e-02 1.518303535725814548e-03 1.407080968304783800e-03
2.495461163004276950e-01 9.358702372786511505e-04 7.258441477043060808e-02 5.469543403413639187e-04 1.541013724700705800e-01 3.505052673297427007e-02 5.122711665485279314e-02 6.516132341202307554e-02 1.433866354417195899e-02 1.395801187502647145e-01 5.234507281971327586e-02 5.137292583258766532e-02 1.108676953445646152e-01 1.224344844204543334e-03 1.117483946094141459e-03
4.991137089364329205e-01 1.538946908748610671e-03 3.610887980166580663e-02 6.373691476667177639e-04 4.403475312896490412e-02 1.337720609267891748e-02 1.558421183926058523e-02 1.027394643660805712e-01 4.276955821703585375e-02 1.397849217892426499e-01 7.822570044643385387e-03 1.766732493668010662e-02 6.912985045319332278e-02 6.810675442295455878e-03 2.880558895410066916e-03
4.400804778150022023e-01 1.305796413122899081e-03 2.941036035849876190e-02 7.047445724016370349e-04 7.012292128305375183e-02 1.334851950666208695e-02 2.976379794851333194e-02 1.732441371862612212e-01 7.449329130513709409e-03 9.387601417295819706e-02 1.783545347849148019e-02 3.658121085199474848e-02 8.293914433195252733e-02 1.751620805644732307e-03 1.586472144928656545e-03
5.435746300375891016e-01 1.507476164602720775e-03 9.598193391971964958e-03 6.058984035208277597e-04 4.922760314924953112e-02 5.239521426087290906e-03 5.074928429199179053e-03 1.234925038403829056e-01 5.939154102468616366e-03 1.599193892504288950e-01 1.803075348401686961e-03 1.623093264279619821e-02 7.368199129760395760e-02 2.176212753385471047e-03 1.928489762311357079e-03
3.854779114977592291e-01 1.483287325644125831e-03 1.478584032418233940e-01 6.568410446523903143e-04 2.255268724757575078e-03 5.993728873769040011e-02 5.967580243841981436e-02 9.184406464787492341e-03 1.963329882085370348e-01 4.889640542768291034e-03 1.754253244126511646e-03 2.116708154026255076e-02 7.624739061589951017e-02 2.635789924088906624e-02 6.721537131982526121e-03
4.044829948160429400e-01 1.452041036641459016e-03 1.358962029490849155e-01 6.586526068893930374e-04 7.993747409397618936e-03 6.625532741878432941e-02 5.827016159867489525e-02 8.642583764649469300e-03 1.804064880614338340e-01 4.722140125080656441e-03 1.712168318384549217e-03 2.872264693060814708e-02 7.018760551174232920e-02 2.431901024742849637e-02 6.278229205156703012e-03
3.143126548862751890e-01 1.524327227325078700e-03 1.336224745312052931e-01 7.897083108879808001e-04 8.782423148565086587e-03 4.311879616595704762e-02 4.561261870739701657e-02 2.068359940842246641e-02 1.405240609902395632e-01 4.876940914045423126e-02 1.152344707679888586e-02 1.738684928320987158e-02 8.766105660877319961e-02 7.105312339709989045e-02 5.463545111738907223e-02
2.665708767364434184e-01 1.690090767791239219e-03 4.877891756428236192e-02 9.272172776450218106e-04 5.995152771375989592e-02 3.396949605489790747e-02 1.617817893293568843e-02 3.737302659953876949e-02 3.504180480336429454e-02 1.567431352736085026e-01 1.940213154082672279e-03 5.835169343241868728e-02 1.011933752162032518e-01 9.781056440088500836e-02 8.347988207214331047e-02
1.976232070039425082e-01 1.885313046910057225e-03 1.113154378956974083e-01 1.022934318918681260e-03 5.843361153380204412e-03 1.649808608435478913e-02 1.726110447017133176e-02 6.070041655564925587e-02 2.675094485525907496e-03 7.795119462276747790e-02 2.168060092282981903e-03 7.163221817273508416e-03 1.333764973240827434e-01 1.857699370162441410e-01 1.787461341127989101e-01
3.244317947135377800e-01 1.403083841741620697e-03 6.907528441175328493e-02 7.832491309978192222e-04 3.479290439649774386e-02 1.894430003328617662e-02 1.641714477031541719e-02 8.973869995134137190e-02 3.797461588951356673e-03 1.047706447217928438e-01 1.606308280603410167e-03 2.326631000241280098e-02 9.735646761031600815e-02 1.088750353684809768e-01 1.047413111779711692e-01
3.474090266192274012e-01 1.582277649407893552e-03 6.255902616781047754e-02 7.888892196558275728e-04 3.707856588644575790e-02 1.847612198787797547e-02 1.565245229061062310e-02 9.303610171956576413e-02 4.313051938278943294e-03 1.096047572052843144e-01 1.842404931150983969e-03 2.363894520973161897e-02 9.374850224860954706e-02 9.700003414021964032e-02 9.326984278612321377e-02
5.879689323624505137e-01 1.593674223270342321e-03 1.505739773438631926e-02 7.672279422786069123e-04 6.478462433149123623e-02 1.231927953923606933e-01 4.186835946364809991e-02 4.864413615578265168e-03 1.972718722875353367e-02 1.697607534458612025e-02 7.353662097840551158e-03 9.922563726524991079e-02 9.902081310994084729e-03 4.316387404338073094e-03 2.401544282773301116e-03
4.937874543868170929e-01 2.225715236715884379e-03 6.326495791767274002e-02 8.089501835871945037e-04 5.125691317300946903e-02 9.634496947686987944e-02 4.883100809360554212e-02 1.369019835094865099e-02 7.681044594310841578e-02 1.761019857552117290e-02 6.190069156150532909e-03 7.114940042114074881e-02 4.101591444856214630e-02 1.231817833916111146e-02 4.695626297129638221e-03
4.855172219521878274e-01 1.631092482482663416e-03 7.584498088420400796e-02 7.687137544912874508e-04 7.156616505738378452e-03 3.592666136419450651e-02 3.785119724420403509e-02 1.033862167227677653e-01 9.964691009304449398e-02 3.471064152992070495e-02 1.913839527855587877e-03 2.216948361824798777e-02 7.464242547340484146e-02 1.437862368298041711e-02 4.455375164275514333e-03
6.136099518698501232e-01 1.538193470768959171e-03 2.311469307263081755e-03 7.448050410168931918e-04 7.188654636920488450e-02 1.351691979300849444e-01 4.210850340906918676e-02 4.273039996245325128e-03 2.264792394295541376e-03 4.808292559208157679e-03 1.798320752512049588e-03 1.120132048869353775e-01 3.438314907895146256e-03 2.126681668897778803e-03 1.908685436752559058e-03
