2.250136072446096147e-01 3.928441624207133775e-02 4.643476444493930405e-02 3.571317071850880348e-02 6.428383743779859938e-02 5.356948483025635727e-02 5.714135472262438231e-02 1.178406836383168038e-01 4.286164259367210988e-02 1.035627023826014709e-01 4.999622443621419554e-02 3.571842834000431982e-02 5.000453708223749627e-02 3.928901245387397129e-02 3.928613343227130295e-02
2.512046603286875457e-01 3.658774871772503545e-02 5.691325571092736152e-02 3.257093044723971542e-02 5.662085471890617588e-02 4.599248084814115678e-02 5.196530688316890884e-02 8.601371855333404814e-02 4.662505320033811379e-02 1.045844056853480891e-01 4.146122660238449331e-02 4.225374552949679591e-02 5.995075147953275729e-02 4.462936301341804274e-02 4.262649828135174623e-02
3.093325366216377881e-01 3.752924518129092252e-02 4.823693249369769009e-02 2.957470075988865091e-02 5.958223481765859836e-02 4.339885694050638759e-02 4.297815263171321509e-02 8.224278554720196310e-02 4.683424971103088141e-02 7.904526676027145982e-02 3.758851598822504636e-02 4.620593305464491124e-02 6.627341564182338829e-02 3.779478396879724922e-02 3.338238988161190690e-02
2.967039514692891289e-01 3.765541545013492697e-02 4.333945473407643800e-02 3.056094080465696083e-02 6.324860409321787780e-02 4.483980992304172075e-02 4.272290892007732377e-02 9.080375427584520820e-02 4.791928851092661784e-02 7.493476676137093839e-02 3.936653797696130358e-02 4.401373428666897208e-02 7.106603931417217190e-02 3.855220083125426161e-02 3.427259264830615632e-02
3.158197329862469926e-01 3.781289179869816441e-02 4.103044741494352166e-02 2.923872308254244282e-02 6.140539090168049136e-02 4.329874187566452870e-02 4.070232880368980510e-02 8.862246976396265241e-02 4.690154615216144546e-02 7.532414478709635597e-02 3.768712966175103568e-02 4.493951772627215874e-02 7.151513083021635020e-02 3.553535659414397418e-02 3.016644762093003904e-02
3.226918515441166146e-01 3.755899259482570196e-02 4.206245587618387405e-02 2.877729818609007714e-02 6.018509168529886932e-02 4.226736291649463295e-02 4.042813446863383758e-02 8.561330513664808239e-02 4.608773541159200821e-02 7.675755790601501705e-02 3.680607246829197682e-02 4.530883514167000775e-02 7.095423074851130163e-02 3.518883618170477734e-02 2.931223973392319687e-02
3.145800941477472357e-01 3.569066296008204658e-02 4.892687494831866879e-02 2.934925554224981220e-02 5.804589960228614953e-02 4.175845562937586380e-02 4.394934544646474789e-02 8.043261146564309461e-02 4.837512797217613514e-02 8.029520131697073793e-02 3.631840485527271234e-02 4.350918576070168797e-02 6.770536798504553366e-02 3.923448397602319337e-02 3.182902839164240827e-02
3.001982540718234893e-01 3.777585719321830543e-02 4.560064345990005180e-02 3.010738107671873456e-02 6.327501675017364879e-02 4.472261612648934653e-02 4.205873855716711629e-02 8.825478169779586712e-02 5.011067306325716481e-02 6.989262965571431396e-02 3.875880140078000191e-02 4.700909221775440711e-02 7.342203130161802094e-02 3.805471502350988439e-02 3.075876840407967133e-02
3.132702056347947961e-01 3.780898101787308341e-02 4.302500368862812591e-02 2.920947349330039328e-02 6.206604516319873255e-02 4.301275646906507766e-02 4.037935839060580873e-02 8.720984920233480764e-02 4.845676062411205520e-02 7.255035669450400626e-02 3.756500151892015749e-02 4.655611056911589107e-02 7.342236392115682186e-02 3.601490470070437683e-02 2.945282891168591113e-02
3.152872486165272381e-01 3.807881509222981603e-02 4.192694378035059094e-02 2.896461929649779554e-02 6.222621748011498977e-02 4.348712322716841855e-02 3.998968406847183688e-02 8.411635730424378565e-02 5.191357298647678031e-02 6.933422793600989287e-02 3.681778740677622147e-02 4.749713627455730974e-02 7.376188860397978053e-02 3.602416887955603442e-02 3.057420904703951961e-02
3.268285461509501943e-01 3.709785009466917000e-02 4.541183456791243050e-02 2.839059870618761139e-02 5.752045173750634788e-02 4.172867398857217636e-02 4.176735871464816452e-02 7.814206418433491952e-02 4.741348062334289903e-02 8.017848442930516906e-02 3.544587625839929618e-02 4.608186198378420168e-02 6.793950245254319620e-02 3.597329567250513727e-02 3.008012043533912772e-02
3.268097403930424472e-01 3.742657249017588422e-02 4.320833695856196588e-02 2.850735319303032006e-02 5.890722633635185612e-02 4.305341897757179737e-02 4.168013926746883674e-02 7.947572982972533895e-02 5.015355728168009730e-02 7.459419840202823060e-02 3.568078866749650746e-02 4.648296489493375372e-02 6.931736818531937516e-02 3.558542483281765950e-02 2.911718028979597139e-02
3.483405452026894777e-01 3.602824115532249349e-02 4.988891344253280208e-02 2.745571497423278731e-02 5.449964307627404997e-02 4.031650168808238038e-02 4.182493483460054950e-02 6.428061224712044996e-02 4.549042769243909906e-02 7.780520668643878257e-02 3.250848515859834642e-02 4.804699030627844480e-02 6.730241426658718773e-02 3.741528789877040378e-02 2.879608137003273477e-02
3.473550774869877955e-01 3.647224676821723272e-02 4.681862388105512834e-02 2.770042556839733341e-02 5.524281187933751530e-02 4.153277056356011188e-02 4.219020662498037394e-02 6.524214092649446850e-02 4.575866979420654262e-02 7.728442559542697543e-02 3.288311313208019254e-02 4.763354315418987656e-02 6.778691066942675592e-02 3.702881718997435428e-02 2.907021676566530141e-02
1.933026855708241121e-01 3.764982795132659765e-02 5.918103665207102848e-02 3.555420254188394052e-02 7.120504421616488666e-02 4.150255286527344128e-02 5.817525504909816514e-02 6.735988104713741542e-02 6.327984817384550709e-02 1.092683001749182869e-01 4.279719960177436056e-02 4.592617964141366971e-02 7.389013490620771618e-02 4.964235459566115199e-02 5.126549701239967866e-02
3.237836304271055066e-01 3.482418301928118937e-02 6.185286159370337322e-02 2.852913928113704270e-02 5.472220131161857626e-02 3.837893697036270924e-02 4.543269640607799226e-02 5.850424991028220500e-02 4.814812304783649966e-02 8.372653044548421242e-02 3.316516194818867197e-02 4.896442652889308744e-02 6.515999238772882118e-02 4.203761787576795750e-02 3.277024884653213788e-02
3.039389441644124168e-01 3.628679563425980803e-02 5.610620148423657583e-02 3.002431671722892090e-02 6.083420077219630490e-02 4.470772246660178334e-02 4.384007708379527440e-02 7.475374546295900091e-02 5.211585497134633982e-02 6.384966520844921611e-02 3.683936657915912183e-02 5.018322903351874614e-02 7.240332575748670285e-02 4.263693347260299332e-02 3.147962119174679829e-02
2.915311312638926844e-01 3.787339670825657506e-02 5.183401801300293460e-02 3.131541887102931576e-02 6.306016864396822574e-02 4.988104395214023462e-02 4.581093516285857786e-02 7.173847315923126411e-02 5.471677354198010990e-02 5.933830315313801118e-02 3.802621697050592720e-02 5.093564176573275870e-02 7.090503736168897453e-02 4.463496855488831294e-02 3.839847287768605871e-02
3.027386843054374888e-01 3.781474124842017226e-02 4.698718277465276094e-02 3.009123228662520522e-02 6.310223317862286019e-02 4.733664991418440326e-02 4.292552211419916469e-02 7.817647383198232658e-02 5.691715770265793478e-02 5.931965474605885996e-02 3.725261511988132296e-02 4.988849390330406947e-02 7.384973874286665518e-02 4.054399578312158081e-02 3.305562434798516719e-02
2.831194687111743824e-01 3.684463612307942865e-02 5.653166812076612646e-02 3.156714438858870819e-02 6.129218571827907414e-02 4.922829084757661400e-02 4.747943659850829140e-02 6.755295961213964029e-02 5.514265536650572730e-02 6.376129680196870875e-02 3.757751666666634544e-02 5.126810894893898962e-02 7.243488044670515213e-02 4.735932607298545816e-02 3.884042557611735308e-02
1.724304280910287090e-01 3.563337612920654957e-02 6.187784538393983208e-02 3.438178480685945976e-02 5.817662456231778578e-02 4.181435382436361758e-02 5.358809070822923015e-02 6.202733013349492203e-02 5.935376210074556902e-02 1.281956432899470366e-01 3.923113992477636480e-02 4.730559616234281811e-02 8.727835492295941966e-02 5.818433194854220197e-02 6.052133801124646301e-02
1.614027688146784933e-01 3.627472014504504183e-02 6.041527917596965086e-02 3.517566784050957934e-02 5.469418021873558716e-02 5.019127438021587367e-02 5.283853363027436051e-02 6.262342779001665860e-02 5.882317812159188614e-02 1.182960562639952529e-01 3.973311026383727351e-02 4.936983558244407988e-02 8.890294329531593653e-02 6.358078942212705420e-02 6.767823505524317440e-02
1.973304394300345044e-01 3.678705458068642214e-02 5.779072452852887509e-02 3.354125339371361730e-02 5.917015292540087068e-02 4.360044696745197373e-02 5.021738622262230528e-02 6.659475846612729344e-02 5.726455501471177517e-02 1.147253682030991706e-01 3.917935985804580495e-02 4.795716824951644364e-02 8.278949856572756505e-02 5.453117977386337523e-02 5.852065382047004494e-02
1.789486879724911939e-01 3.586088443909538764e-02 6.060578708912345985e-02 3.411742300497336983e-02 5.888366503083136694e-02 4.083938445265587747e-02 5.318140436999133080e-02 6.384498733413955518e-02 5.852332546404972330e-02 1.285577284507820051e-01 3.933532889284657719e-02 4.665391991022858204e-02 8.552252814437025230e-02 5.617535975429384376e-02 5.894958569012744010e-02
1.960595015787243156e-01 3.521539666136463964e-02 6.071547129960480627e-02 3.312424169404305785e-02 5.521858552205134024e-02 4.157881367188241695e-02 5.171984302945775713e-02 6.066222547739497789e-02 5.785836500702114943e-02 1.242091777835188648e-01 3.746258589295989316e-02 4.728496539654971492e-02 8.531929302636051538e-02 5.638305991920890964e-02 5.718847403985764105e-02
2.621186101842716276e-01 3.731807873236592243e-02 5.794826643983538861e-02 3.529220272180554063e-02 6.186348092145545902e-02 6.123298281377893837e-02 6.186107954343787740e-02 4.825779879308873116e-02 6.057031320629085308e-02 5.976882892112498485e-02 3.943016284589419967e-02 5.117528889140163240e-02 6.234158161045669222e-02 5.506389131659881336e-02 4.575743305819337386e-02
3.006146453164022514e-01 3.590324250893946190e-02 5.859473370389210733e-02 3.191437709988038940e-02 5.662179603287598867e-02 5.080882638810160085e-02 5.588055815051955894e-02 4.813516486831284635e-02 5.355125870483993383e-02 7.463854570205141759e-02 3.558085672178830372e-02 4.938952229956575929e-02 6.148134342846860168e-02 4.850033267618984734e-02 3.838479639817194561e-02
2.758162515575953710e-01 3.635060659588381510e-02 5.892999476418323002e-02 3.396473173550229596e-02 5.820844583565668723e-02 5.839800936929238212e-02 5.896545904328047427e-02 4.782931358717998349e-02 5.705801354395803604e-02 6.358958844772734376e-02 3.758130444498020833e-02 5.110462920169116241e-02 6.474134156606536905e-02 5.435396371990397490e-02 4.310834658709968015e-02
3.034292592601847693e-01 3.565425270475938713e-02 5.695385859488216046e-02 3.149048499505031906e-02 5.385636090928305753e-02 5.168593865928770154e-02 5.489353450685031249e-02 4.752770842039615029e-02 5.304547351750048961e-02 7.596861214802011486e-02 3.466812453549174972e-02 4.931971498358462408e-02 6.324234911044578078e-02 4.923225452326537854e-02 3.903207313099796294e-02
3.091483440641013547e-01 3.578409244510757925e-02 5.763045799469301844e-02 3.101416807388860178e-02 5.557207150683326352e-02 4.759040798233505482e-02 5.398523394195504921e-02 4.895959248078218806e-02 5.142633504692021434e-02 8.088777004738711973e-02 3.470949181104582976e-02 4.852699854842922045e-02 6.113423378520795731e-02 4.625369500015936997e-02 3.737710727115420989e-02
2.234904976067452198e-01 3.433444147200780810e-02 7.213759573758221633e-02 3.340366668292893415e-02 5.831336044654025080e-02 5.671853780905108250e-02 6.945472161544204159e-02 5.415006452847400537e-02 1.152962989543112882e-01 5.724106429278828789e-02 3.728794164408485989e-02 5.069670208119170934e-02 4.870030141790651634e-02 5.111048040167393003e-02 3.766432530927191213e-02
2.384254254726936584e-01 3.241751922780564121e-02 7.015527477346081286e-02 3.236288880681728597e-02 5.484441244541098798e-02 5.760458883075895292e-02 6.933563415355648019e-02 5.673746164008403731e-02 1.239466665624954361e-01 4.846212549967801597e-02 3.526384820234555739e-02 4.783787255085018841e-02 4.771043150991532977e-02 5.104982661535067967e-02 3.384602370877696359e-02
2.520039164908599583e-01 3.360451185548595648e-02 6.618861596323290242e-02 3.174367321777304962e-02 5.590591189685035350e-02 5.593083244053335956e-02 6.558406216106534015e-02 5.844717530180582044e-02 1.152183717033022636e-01 5.054575917143953878e-02 3.525357601835560351e-02 4.858086091979553489e-02 4.947992925058411484e-02 4.818312117332827077e-02 3.332968243558799559e-02
2.310791141155562056e-01 3.374264619085937805e-02 7.391589831381024933e-02 3.260334472371276271e-02 5.632093145246342553e-02 5.607344559622438884e-02 6.955377499121022378e-02 5.309764789609900532e-02 1.197337997442190355e-01 5.522799989268015880e-02 3.613837643927304139e-02 5.112787059502494486e-02 4.690632422837404808e-02 5.003253406906939954e-02 3.444629175142378819e-02
2.217302143672979509e-01 3.367693916196780324e-02 7.100517239015870230e-02 3.320367282658287511e-02 5.767100917520005116e-02 5.801206086306841259e-02 7.143336795558813401e-02 5.554811423684022365e-02 1.261962928235264292e-01 5.224134780892559365e-02 3.674283205882941661e-02 4.961278152003178316e-02 4.713319724513638509e-02 5.059675719459442306e-02 3.519624037225175389e-02
2.229240997113161038e-01 3.326525176717361892e-02 7.036650048780107580e-02 3.308961486335847829e-02 5.633563450143166257e-02 5.971119368968788588e-02 7.176956614093943365e-02 5.636071032468121383e-02 1.300392930704436789e-01 4.794479065242081978e-02 3.632913041898329365e-02 4.904134506840003571e-02 4.620517344161560042e-02 5.129544556640536213e-02 3.532225029534175748e-02
1.945872047193718535e-01 3.529767698519383629e-02 7.278892714624352056e-02 3.515961979518884839e-02 6.488623248371135077e-02 4.967812241721761279e-02 6.712539328856582943e-02 5.923403319113283716e-02 9.496779081834014202e-02 8.165664507124026361e-02 4.073213911827758271e-02 4.901003983418387305e-02 5.789368510396035450e-02 5.245105768355361880e-02 4.453143234381846949e-02
2.766664915696846472e-01 3.475206079319319991e-02 7.882761947841936123e-02 3.115903970075957138e-02 5.640126533256724362e-02 4.322744117112716639e-02 4.958584674535772285e-02 5.128862857545161968e-02 5.639648593777799729e-02 7.425210842272962630e-02 3.550155871989927464e-02 5.257619871488610624e-02 5.692653670502621777e-02 5.262569016201232297e-02 4.981302797110791908e-02
2.813709085943234545e-01 3.479603696355333675e-02 7.749589594007985638e-02 3.100676766190281486e-02 5.629171213602322116e-02 4.236457402001606032e-02 4.851156915298437955e-02 5.138906642452913814e-02 5.266373781105440632e-02 7.658361878018718483e-02 3.532207075214413572e-02 5.189227530534055305e-02 5.738903532966229543e-02 5.231957644199819457e-02 5.060315468620092683e-02
3.124102282210701187e-01 3.386367912115359480e-02 7.114966549882807689e-02 2.950742059097364103e-02 5.373720974630431108e-02 4.048415713188613374e-02 4.464762401552305887e-02 5.441100059384971349e-02 4.670101109289558766e-02 7.520627758968073673e-02 3.331696004187736232e-02 4.884387641010093373e-02 5.934198596646082097e-02 4.979334398069009543e-02 4.658555999870576253e-02
2.137924747239660916e-01 3.929198217608717569e-02 6.869658101090823921e-02 3.471357488247102385e-02 6.248068209027835690e-02 5.347278094259209913e-02 5.193908264680677928e-02 5.923689415363794786e-02 6.059262436305377919e-02 7.750061963446606972e-02 4.107364342812112185e-02 5.370802754093637055e-02 5.800058511031346009e-02 5.674740408506567801e-02 6.875304321129580010e-02
2.662120712292768143e-01 3.783290617063761463e-02 7.159670214192372095e-02 3.202011340532363859e-02 5.890673925451778842e-02 4.716738400660842184e-02 4.869324259288037443e-02 5.330155237224379339e-02 5.344662077708865061e-02 7.623396163583009977e-02 3.744755997314124646e-02 5.351738247839527007e-02 5.350191565959491052e-02 5.152420440954039865e-02 5.859764389299731979e-02
2.893076631781974495e-01 3.559055899703141707e-02 7.384615602783672905e-02 3.057048045489242985e-02 5.608377263769936255e-02 4.331101627301611745e-02 4.649166690031578814e-02 5.326828973436494030e-02 5.123123607211780423e-02 7.395873025500739051e-02 3.515092803040423264e-02 5.229949981267167924e-02 5.718291038460646819e-02 5.078607954082649256e-02 5.092101170101168139e-02
3.323912953716304797e-01 2.890515357448253386e-02 7.390373734414210083e-02 2.831833405566356113e-02 4.913388306991563204e-02 3.482135638361651131e-02 4.334297407340474001e-02 6.021185304424835766e-02 4.224878251739191265e-02 7.735160102118422698e-02 3.089633494728503266e-02 4.283769352099502797e-02 6.867941202055413696e-02 5.164406345051824471e-02 3.531352560496751891e-02
3.399146238501412065e-01 2.794134172451222947e-02 7.030756829801748653e-02 2.767990453700525447e-02 4.645962893744536720e-02 3.582752924674301176e-02 4.318585529229478082e-02 5.922553611332508766e-02 4.782153401629916228e-02 7.443455404548737775e-02 2.915847040621897743e-02 4.105013070381240831e-02 6.973461391168887802e-02 5.219958906794473080e-02 3.505911984906405487e-02
3.400993671337713131e-01 2.985985138339544015e-02 7.312428412666263644e-02 2.797266934624089568e-02 4.893158440869661147e-02 3.565302651486945695e-02 4.285434145858980221e-02 5.790961618450337495e-02 4.148228912198069496e-02 7.560634915320200988e-02 3.066097970799054259e-02 4.459685022182808406e-02 6.628636171030265201e-02 5.003322636836214643e-02 3.492920315960444666e-02
2.898443541088095987e-01 3.530818431269417551e-02 6.375244896505133374e-02 3.205591787088206412e-02 5.765127302464027881e-02 4.942979691327513414e-02 4.775856592259127009e-02 6.017082850991705562e-02 4.844706351714729575e-02 6.500347545578764874e-02 3.661377947213927814e-02 4.702724426651684608e-02 5.889930141410142789e-02 5.362315175889319913e-02 5.441461448755343516e-02
3.621496429341350964e-01 2.886688354023505057e-02 7.665672288409490498e-02 2.678763435780739249e-02 4.710105722874327605e-02 3.317645169273646805e-02 4.147149403893257008e-02 5.433349447371717961e-02 3.991753727914543887e-02 7.170990376622152218e-02 2.885618462734695563e-02 4.523005218646874992e-02 6.459608014413077692e-02 4.877543766576785539e-02 3.037142318051670731e-02
3.337547680584683762e-01 3.181844719323748821e-02 6.378321708629178244e-02 2.966592796779456837e-02 5.257084394401406735e-02 4.303211318122265178e-02 4.378039459534135980e-02 6.273191348337299467e-02 4.097969466571650676e-02 6.543890862484862125e-02 3.307066634083477563e-02 4.228830937183050004e-02 6.161965573569586074e-02 5.138908724670358807e-02 4.407605250462697660e-02
3.779811009614006401e-01 2.810385796301532665e-02 7.000502483460159520e-02 2.639732484552573602e-02 4.663684463853778883e-02 3.330607161458171150e-02 3.940169878784838958e-02 5.918562988632605076e-02 3.648552089808641125e-02 6.838811677429651459e-02 2.821837673458395604e-02 4.143653120236108489e-02 6.669669402387025381e-02 4.823938541684671955e-02 2.951782141811771717e-02
3.939822406247887598e-01 2.659501326850272768e-02 6.529662175896677745e-02 2.579831675139475020e-02 4.481183181451228736e-02 3.337291748589896884e-02 3.829861058916808614e-02 6.164084402953412534e-02 3.739619683122614308e-02 6.389198092768653969e-02 2.674967814479922365e-02 3.742980831869010400e-02 6.768555404027937206e-02 4.856695708248245230e-02 2.848342833206967545e-02
3.874881986066707751e-01 2.801936699286172380e-02 6.432624213264459545e-02 2.600813232572276798e-02 4.564729435443684591e-02 3.431689092009214404e-02 3.901177167990137890e-02 5.997610520092376551e-02 3.901414707050997882e-02 6.682784882950204564e-02 2.734776526480004258e-02 3.889150318990567540e-02 6.461284413150820971e-02 4.736750532563627908e-02 3.114438397488382762e-02
3.960182517859616169e-01 2.812049373612949404e-02 6.266856534812066670e-02 2.553881142232043364e-02 4.495228036188922416e-02 3.266601250644975141e-02 3.792219909621311058e-02 6.167599345980648989e-02 3.388415890398624453e-02 7.201002409951730299e-02 2.720550605746454437e-02 3.830801133981975859e-02 6.520774770524408182e-02 4.533919581915272362e-02 2.848274835792449777e-02
3.533263046852681555e-01 3.104956271294808876e-02 6.142577827754585468e-02 2.774650758546046148e-02 5.010508210256584688e-02 3.578287741276222483e-02 4.222093567589128155e-02 6.418419369728352308e-02 3.786144157796537957e-02 8.146237030907114984e-02 3.119645294985404910e-02 4.038551061224066735e-02 6.333116870148536304e-02 4.524847206996627375e-02 3.467334162969171185e-02
3.616306639189048600e-01 3.010009929595654568e-02 6.341080618100239374e-02 2.738855567051753231e-02 4.909576127904755061e-02 3.515528102366039659e-02 4.094104404965720478e-02 6.217494120994171425e-02 3.691403457151749140e-02 7.689445332872335559e-02 3.014059896362113189e-02 4.011345259998715107e-02 6.398964991363351174e-02 4.680915833137999638e-02 3.524149966244912585e-02
3.619789798157224681e-01 2.943026507637951095e-02 6.386523020243910220e-02 2.726138948342193141e-02 4.767094280617932556e-02 3.579507445452607961e-02 4.228403160235789937e-02 6.324207396804325254e-02 4.061223741194463360e-02 7.600265503887662644e-02 2.986235926675219823e-02 3.935129386384266653e-02 6.315902478112855878e-02 4.677499765496658662e-02 3.270944457341908029e-02
2.849651565873413395e-01 3.020223247091931296e-02 1.007374007006586192e-01 3.019873458395152394e-02 5.201895900137192691e-02 3.602103225825453031e-02 5.104136989644190991e-02 4.407803816714336853e-02 5.368459414358847659e-02 7.430161978986649096e-02 3.334769412614165679e-02 5.526864851071064400e-02 6.097448412388734723e-02 5.632756998686110766e-02 3.683246565286177332e-02
2.817263318551118667e-01 3.096463879266491206e-02 9.228406655048052021e-02 3.046384994559483625e-02 5.265538436863961835e-02 3.899755500344169457e-02 5.135274145512833122e-02 4.775072956160281851e-02 5.852386553418982562e-02 7.260574487210617878e-02 3.366418012000690907e-02 5.302096183542982094e-02 6.056955114121387318e-02 5.558204849547703635e-02 3.983835046891165410e-02
3.292984099235601869e-01 3.155763473920560058e-02 7.482708269521649858e-02 2.791339125163684598e-02 4.846307480026654235e-02 3.875962543235539348e-02 5.003400643239576395e-02 4.868245653617210567e-02 6.106848574026713800e-02 7.653724992911900560e-02 3.040707846809504594e-02 4.865341835746272992e-02 5.620151648759790647e-02 4.625219116771909361e-02 3.134437803893012214e-02
