0.000130 0.003147 0.000067 0.000575 0.000003 0.000003 0.996066 0.000003 0.000003 0.000003
0.011426 0.082857 0.000000 0.000000 0.000018 0.000000 0.145667 0.621685 0.002462 0.135884
0.110759 0.000000 0.229442 0.080687 0.291407 0.000347 0.105854 0.137769 0.001145 0.042591
0.020074 0.000010 0.014668 0.126569 0.510585 0.071053 0.066209 0.149944 0.029392 0.011496
0.049479 0.000000 0.112430 0.092881 0.554689 0.000285 0.034301 0.123212 0.018621 0.014101
0.091762 0.001464 0.151995 0.098407 0.497591 0.001231 0.034369 0.098028 0.017550 0.007603
0.147498 0.004393 0.063590 0.098286 0.297131 0.007215 0.000000 0.280081 0.048418 0.053388
0.044757 0.000132 0.012557 0.333615 0.438707 0.023076 0.052449 0.067984 0.026620 0.000103
0.165066 0.001982 0.035738 0.256948 0.421823 0.000017 0.048630 0.046599 0.015271 0.007925
0.130386 0.000040 0.219431 0.211140 0.326999 0.002348 0.026027 0.046576 0.023892 0.013160
0.306509 0.013574 0.099897 0.095009 0.319847 0.012209 0.055261 0.070750 0.017568 0.009377
0.250518 0.000472 0.149957 0.128309 0.324229 0.019528 0.054569 0.044498 0.027863 0.000058
0.291344 0.004378 0.467869 0.065459 0.070360 0.066399 0.010018 0.000091 0.009148 0.014934
0.302874 0.006302 0.373926 0.064791 0.111662 0.108770 0.002807 0.000012 0.023692 0.005164
0.000392 0.017716 0.329461 0.012481 0.097013 0.016712 0.000000 0.000000 0.402891 0.123334
0.006726 0.000248 0.686772 0.019549 0.090871 0.071452 0.000001 0.000088 0.104163 0.020131
0.005350 0.002374 0.345903 0.446534 0.040882 0.025318 0.079137 0.028613 0.015037 0.010853
0.002506 0.030918 0.328401 0.399210 0.017976 0.054561 0.115711 0.023824 0.017617 0.009276
0.048918 0.005740 0.387643 0.341635 0.080069 0.015596 0.062420 0.000964 0.056632 0.000384
0.000090 0.060774 0.403049 0.280550 0.021175 0.027758 0.118541 0.000001 0.082534 0.005527
0.072645 0.408943 0.026480 0.029585 0.043636 0.030839 0.015374 0.002315 0.198208 0.171975
0.000778 0.596602 0.007040 0.014826 0.000001 0.109500 0.159562 0.089437 0.009366 0.012888
0.048821 0.263587 0.102758 0.021211 0.052652 0.044545 0.088393 0.022701 0.141340 0.213992
0.091988 0.271583 0.009906 0.021712 0.055545 0.002126 0.061896 0.000000 0.260835 0.224409
0.132770 0.396880 0.015327 0.015302 0.049134 0.063341 0.013565 0.002869 0.138713 0.172099
0.000001 0.093316 0.000001 0.079616 0.000001 0.013189 0.140938 0.184562 0.303994 0.184384
0.087901 0.064911 0.087365 0.000314 0.019571 0.056092 0.093858 0.030651 0.412309 0.147028
0.159199 0.033488 0.202823 0.040079 0.014540 0.042343 0.081236 0.010189 0.374864 0.041239
0.000001 0.104380 0.000001 0.150738 0.000001 0.000001 0.122336 0.111719 0.291470 0.219353
0.188577 0.048159 0.138451 0.112427 0.048484 0.000247 0.086324 0.093754 0.072801 0.210777
0.009001 0.008009 0.035134 0.329506 0.000001 0.004993 0.076482 0.199967 0.003603 0.333304
0.048452 0.000558 0.241898 0.128155 0.004915 0.007527 0.038623 0.118964 0.000349 0.410559
0.109915 0.003400 0.498573 0.095458 0.051117 0.036341 0.037619 0.000121 0.081873 0.085582
0.410775 0.000001 0.128333 0.232646 0.002579 0.096413 0.035728 0.006090 0.075678 0.011757
0.171261 0.000951 0.082181 0.454778 0.000313 0.132599 0.054666 0.008638 0.082226 0.012388
0.374242 0.009190 0.028802 0.245428 0.007048 0.152105 0.039602 0.009782 0.116392 0.017410
0.188050 0.018345 0.053636 0.283257 0.002188 0.287596 0.031032 0.007713 0.091291 0.036892
0.422038 0.000000 0.021398 0.135316 0.000005 0.134125 0.023336 0.141296 0.113027 0.009458
0.394204 0.000073 0.126433 0.187352 0.000000 0.102500 0.024456 0.043843 0.083787 0.037351
0.358443 0.000000 0.240357 0.206641 0.000000 0.062333 0.011081 0.019847 0.055545 0.045752
0.072899 0.220173 0.084038 0.017534 0.009950 0.529446 0.036353 0.027011 0.002362 0.000235
0.000001 0.123740 0.003832 0.066117 0.036595 0.642554 0.080380 0.000013 0.046768 0.000001
0.158114 0.049606 0.147109 0.005046 0.041973 0.470337 0.038280 0.000005 0.071839 0.017691
0.015020 0.161067 0.059754 0.069054 0.021685 0.607251 0.065768 0.000394 0.000001 0.000006
