5.966047824629129304e-01 1.841988543003338172e-04 2.319227023535771950e-03 1.838829649205869397e-04 9.194410818093100290e-02 6.071003075182042352e-02 6.452899323210860294e-02 4.968333998002553986e-02 3.178229254783542109e-04 1.126655455384044241e-01 2.078911603009624782e-04 2.511526622808171933e-04 1.905192235306552018e-02 6.788470342308117623e-04 6.682548756840955102e-04
4.415670974468207666e-01 4.360114603003293482e-02 1.090918191087276827e-02 1.851867850309144590e-04 1.939716470671526069e-02 9.220385444075718251e-03 1.442823715810463009e-02 2.001722197546495774e-01 1.713458182409774086e-02 7.458476398297286813e-02 6.714214647224811539e-02 2.693635563893105600e-02 4.966949669442895232e-02 1.210454824668760060e-02 1.294748790433094751e-02
4.537282705369176661e-01 2.199350660863632137e-02 2.301888335684736109e-02 3.732811404740956837e-03 5.492212643761475166e-02 1.949447528569107219e-02 2.743866248427999713e-02 1.251536829942848927e-01 2.961440255539993585e-02 1.179726593663877748e-01 2.377280174340134708e-02 1.615341499656609836e-02 6.482610680909459133e-02 8.038769328929816840e-03 1.013942609120744437e-02
4.029803341986700760e-01 3.205682267673137104e-02 1.821903807500651479e-02 6.447674138096294409e-03 7.838319352775866000e-02 3.595409429706045157e-02 8.741843707138602024e-03 1.308854561121907956e-01 2.857671326538899215e-02 1.250287510231723465e-01 2.364865474653417635e-02 2.582188719580131089e-02 6.204986904333329584e-02 1.554046243036124458e-02 5.665205562755878770e-03
4.049836140958200659e-01 3.203225240879829100e-02 1.703137493246408007e-02 6.982387165490082197e-03 7.572207415166563871e-02 2.282709638013748557e-02 1.338836888691794479e-02 1.403084867687659776e-01 2.341003464862559738e-02 1.433695392812059655e-01 2.106644556371237847e-02 1.760724506685358570e-02 6.654591418654824675e-02 8.220487460674445052e-03 6.504679002320172890e-03
4.145141903944715156e-01 2.787215386940119707e-02 2.322139157111497917e-02 6.273796232710239854e-03 7.170720587510619193e-02 2.217072580172263149e-02 1.685907265587904477e-02 1.293127354915953875e-01 2.923638045484604903e-02 1.348642976372097790e-01 2.036385386033466929e-02 1.709963537718232202e-02 6.737865217409143292e-02 9.477332626180803160e-03 9.648575978153758892e-03
4.007865674045386073e-01 3.218312188245166239e-02 3.580204357069498994e-02 3.814281345698896254e-03 5.426069084406565796e-02 1.888675546702868469e-02 7.588402384874152681e-03 1.491788965181437554e-01 4.203889947900172480e-02 9.318733565170872479e-02 4.265985598348433216e-02 2.868115752906901655e-02 6.630499138363765699e-02 1.103842179340080477e-02 1.358857876220132162e-02
3.250292081335593442e-01 2.330234365431251009e-02 3.682875697979264007e-02 5.547919791247584928e-03 9.597123896621108374e-02 4.437624979109857509e-02 1.109467207119165834e-02 9.622321219050064545e-02 5.731030833803636010e-02 1.066684066648010965e-01 2.196641995599660571e-02 4.463153571693029287e-02 8.783663560116262981e-02 2.905317399812337026e-02 1.415991814703546417e-02
3.396998970451140520e-01 2.109800882478263251e-02 4.584984674645897068e-02 5.337548890647210616e-03 8.740773376289938390e-02 3.409505481426999135e-02 1.118420275745040868e-02 1.000352697341113234e-01 6.035850588313915882e-02 1.067297211971358767e-01 2.286764921288966801e-02 3.355792297580718897e-02 8.906467995719193065e-02 2.309699214441196871e-02 1.961696605369025320e-02
3.987826561780560830e-01 1.710647655530657396e-02 3.836793941525826895e-02 4.158988717689725972e-03 6.965654916404626085e-02 2.786196403745618694e-02 2.394574724754205616e-02 9.729022216455010530e-02 4.952639122257033316e-02 1.096971075847556765e-01 1.968492791508374626e-02 2.943685435043960283e-02 7.988371889494974565e-02 1.886616263446829270e-02 1.573429391782734874e-02
4.088664505672325866e-01 1.850495066464278443e-02 5.392013107491970547e-02 4.081344060223682582e-03 6.239282499097254658e-02 2.105146148164423886e-02 1.466221200070364633e-02 1.058175956052592043e-01 5.717078961764975736e-02 9.559941457613219118e-02 2.717874919034792003e-02 1.654377104939016088e-02 7.470535862393357096e-02 1.446175562706315289e-02 2.504319086988474052e-02
4.176979797534472461e-01 1.685095298536802566e-02 4.905802906433059940e-02 4.130703756746390704e-03 6.563230001915229539e-02 2.535575209133594451e-02 1.868571763963258747e-02 9.769871087996996606e-02 5.441471132924083354e-02 9.868904265547225052e-02 2.294982881111334860e-02 2.038913185704199077e-02 7.269460432207335010e-02 1.505766413849855996e-02 2.069487069657651584e-02
5.199352825934142608e-01 3.073732608585625064e-03 4.864149743056317421e-02 9.813645584060364489e-04 2.760061046551771230e-02 1.664488038877274048e-02 4.160003146450245992e-02 7.506003060374784319e-02 5.143993466569478368e-02 8.506257854645841998e-02 1.682973289243843915e-02 1.197152562588879067e-02 6.470673216656881721e-02 1.439789232918418406e-02 2.205417366025653678e-02
5.086553666399973306e-01 4.807693739386580643e-03 5.268134061375448485e-02 1.496313401250249807e-03 3.266142769770229159e-02 2.325138913708061500e-02 3.391461200519232944e-02 7.230674450948880450e-02 5.527603591434658570e-02 7.916975244307075665e-02 1.793713865703655541e-02 1.448690463649750411e-02 6.262335025891914431e-02 1.775808285821526070e-02 2.297384748806130181e-02
4.753558977799584584e-01 4.195832191045378336e-03 5.456273196507462064e-02 1.319568086661377640e-03 5.520754410534366857e-02 3.397163781263588117e-02 2.879496437435224640e-02 7.071789847239176585e-02 1.443410741927671388e-02 1.352009819468311391e-01 1.237817165724146122e-02 5.043822035075844201e-02 5.517774545769974642e-02 4.820648512935508598e-03 3.424049867793616236e-03
5.941038693702288542e-01 3.926760250687963937e-03 1.703251980215554628e-02 1.226463078826079030e-03 2.295835827781319075e-02 1.976691851605596670e-02 5.797821239361039547e-02 7.667393927123658526e-02 1.009384523298627843e-02 1.246460762528751182e-01 4.339319474680719546e-03 1.680349167044256978e-02 4.179443588021387879e-02 6.828166542377599527e-03 1.827623985808962681e-03
3.905298577575807562e-01 3.829674520764768473e-03 3.939731590607974815e-02 6.194290142158801089e-04 6.969283805737080950e-02 4.618847011712810813e-02 4.263488899919302966e-02 4.954106785488602421e-02 6.715761922805903172e-02 7.341339050940516586e-02 1.741267095967981293e-02 5.564117073375932088e-02 8.989417477748945506e-02 3.804802028175503087e-02 1.599941128263297416e-02
4.098415923062513344e-01 2.538474791255776377e-03 3.824170061175521940e-02 3.417816063264018326e-04 6.532421326729018207e-02 4.784381355846677869e-02 4.463173503340732429e-02 4.438063608004154392e-02 6.162836530207461971e-02 7.561863527737180957e-02 1.533644047282611313e-02 5.122433272706902740e-02 8.432966117058052213e-02 4.034638769780943962e-02 1.837223009747381008e-02
4.248253340606648054e-01 3.541189407170696607e-03 4.204960695227506762e-02 1.100000680617982396e-03 6.430033721959146908e-02 3.931770895127681409e-02 4.311881918817856568e-02 5.215701455036606676e-02 5.800351356365701649e-02 8.498592375220988260e-02 1.476999575345642850e-02 4.628555077641433729e-02 7.972373827500980892e-02 3.000036611721314597e-02 1.582090075189795941e-02
4.511444460354496200e-01 1.006351109939118086e-03 3.814995636933420781e-02 3.784534124845779102e-04 5.767889033405434324e-02 3.980820792341483588e-02 5.021282117985902821e-02 4.400593374339726443e-02 4.466578630790898202e-02 9.534390873819396928e-02 1.097763342966504366e-02 4.253537530355805396e-02 7.226898223399175203e-02 3.316665900098142439e-02 1.865659487776771125e-02
2.952373440077261102e-01 2.141335914073510312e-03 7.144431951399408953e-02 6.859283690715381248e-04 4.298718502749832027e-02 2.240499554347685079e-02 2.820221501911875442e-02 5.441991252613654489e-02 2.556725228437973368e-02 1.679454706897614835e-01 1.064897779723036203e-02 3.345131087585979934e-02 1.159463407595653223e-01 6.372710955145810541e-02 6.519030212064932939e-02
3.478464583174541436e-01 6.409307708747723209e-03 5.015567307256306451e-02 1.634456618694850457e-04 2.723929754790749627e-02 2.509422397030238935e-02 4.744359194651697614e-02 3.485251675419160505e-02 1.627594956769114198e-02 1.508418822634069179e-01 1.045611344271928610e-02 1.015744422485164063e-02 9.189008668452018636e-02 9.384895189606604071e-02 8.732505694119184481e-02
3.524204905393985565e-01 3.944510777911617097e-03 5.053867408383762305e-02 7.981568383905325147e-04 4.213579255924470440e-02 2.393258148463943760e-02 3.066133648706099654e-02 7.878384604316292228e-02 1.913091647158033856e-02 1.652610717198120527e-01 9.820245982583639469e-03 2.939184833925732876e-02 1.077684498617378500e-01 4.306513144743426280e-02 4.234694736394800652e-02
3.113169086443421940e-01 2.480458099737769314e-03 7.130327630544938677e-02 8.336209297461675107e-04 5.370857723191813787e-02 2.583084465221245282e-02 2.132268587717731090e-02 6.979498372695507047e-02 2.591410860708791286e-02 1.643623794182612063e-01 1.294275578213792063e-02 4.047242156857228795e-02 1.116973325807169709e-01 4.180466811950112743e-02 4.621497845618408734e-02
3.039511218829150097e-01 2.412596475687456797e-03 7.095305549140065726e-02 7.554799232131332015e-04 3.754871102311666681e-02 2.105178484576066336e-02 2.652315183512808303e-02 5.880337758378418461e-02 3.116833858515098699e-02 1.602601594501556204e-01 1.153747940797072991e-02 2.668866190399177968e-02 1.175945290316442460e-01 6.393540490300288204e-02 6.681614765707782899e-02
3.820469824956487792e-01 1.304679360422469729e-02 5.467732074355059757e-02 1.578999445282239179e-04 5.985106272538755212e-02 3.848671377117229148e-02 1.635122193581858493e-02 9.628222870519394239e-02 2.617329893509578662e-02 1.141845451129214484e-01 3.091896467310581431e-02 5.636022817270815166e-02 7.438294238366947864e-02 2.071945095378827789e-02 1.636034584318631427e-02
4.361444246198832309e-01 3.105218941220719286e-03 7.173358621019196302e-02 3.844405696322220870e-04 5.965616702876715138e-02 4.267114625988133181e-02 1.780068940972598032e-02 6.231774711275438888e-02 2.760985255312936593e-02 1.148067050361216562e-01 1.955812790793191869e-02 5.357441340983944145e-02 6.086380753717745423e-02 1.447476306432072569e-02 1.529891033942246473e-02
4.785767743383901318e-01 1.451760154743369884e-03 7.575152343795067689e-02 3.091538338578367286e-04 5.812355894270149204e-02 4.075315662655165649e-02 2.528137955603236564e-02 4.659999270114807690e-02 4.020898962785738467e-02 8.726259865491912959e-02 2.094773191755782554e-02 4.846767343697682556e-02 4.640875505861119521e-02 1.312616348806826955e-02 1.673078822463379411e-02
3.350689792876778150e-01 7.953921139774531440e-03 5.998766784555970011e-02 1.519819729394563572e-04 6.700928853882526237e-02 4.061917495433979564e-02 1.700479628154450903e-02 8.422132618192351705e-02 3.382129523197380944e-02 1.246428122780968289e-01 2.491858662158340232e-02 6.192601920809954336e-02 9.529296680813914566e-02 2.704857054851983467e-02 2.033261310100276456e-02
3.707211897146506785e-01 8.725216052286446922e-03 5.164865547011607272e-02 7.404576983956823524e-04 4.745839822963455329e-02 2.099434368268104228e-02 2.209543940042656140e-02 1.087498045984263417e-01 4.600802294519722169e-02 1.178648063658251366e-01 2.498215057918833429e-02 3.349549380372102841e-02 1.049771715643144643e-01 1.842303619582048163e-02 2.311581369931593050e-02
2.673549188503995810e-01 1.411741222806543565e-02 3.468824722436788383e-02 1.526609093435967249e-04 5.894209883842894265e-02 3.241630604483226180e-02 1.473033959877073466e-02 1.338635017191279752e-01 5.367507201266611544e-02 1.176528451292668392e-01 3.192054447385107852e-02 6.006196375286512734e-02 1.393767648459040831e-01 2.813337351376281673e-02 1.291395085834751676e-02
3.422350937469660348e-01 8.657689079061215570e-03 2.434988144266716364e-02 2.040826743924717597e-04 3.376083925579679429e-02 1.399840068726262120e-02 2.515280027515481853e-02 1.488834445149380126e-01 2.806773988051104035e-02 1.606709136582507580e-01 1.907596527686906615e-02 3.728855114288929379e-02 1.381976739397539067e-01 1.163380657011981768e-02 7.823117855366898063e-03
5.031127537233515135e-01 2.269114283864567296e-03 3.549597193548360147e-02 7.451528005225432297e-04 3.506643090081397462e-02 2.164102430663387977e-02 4.611565605232323395e-02 7.855517361533266574e-02 3.241067938084155747e-02 1.146503180775236691e-01 1.088425258846665439e-02 2.502077887370873430e-02 7.053206535039530101e-02 1.221189583654696924e-02 1.128873227419106146e-02
4.082321013171181789e-01 6.599479317612212681e-04 8.698798361502083076e-02 1.582284818951127118e-04 5.442531306182985668e-02 3.893207839159280870e-02 1.842398671851425140e-02 4.668200530423420591e-02 9.461797876297182996e-02 3.348185343442906109e-02 2.998042734956658795e-02 3.964015563119618890e-02 8.257419963200214597e-02 3.082280726016909875e-02 3.438093310769834571e-02
3.499342754703601566e-01 7.436123004522025544e-04 7.308885682450484700e-02 1.311330303002699086e-04 7.652097795191455110e-02 6.264057921985891064e-02 2.045790201187483795e-02 2.701432198173703281e-02 9.672299620764543415e-02 3.235185568102134229e-02 2.540824022250398953e-02 6.706934192888765189e-02 9.319724662222167444e-02 4.821395247067511436e-02 2.650470807604188642e-02
3.955870527251610369e-01 1.112743133982551421e-03 8.972566006477004918e-02 2.206391035162605992e-04 5.995301478448541999e-02 4.996483693430340406e-02 1.181115997580985642e-02 3.897876671047794533e-02 9.555825053688493664e-02 2.849871131016535122e-02 3.016102335470793872e-02 4.769683092917406664e-02 8.040063394859912893e-02 3.661614630052585639e-02 3.371453018743610086e-02
4.213202946325363962e-01 7.687294659930300842e-04 6.717000011261527181e-02 1.652461620657136017e-04 5.543040138576171144e-02 6.692944698865449515e-02 1.596636986782172529e-02 3.023365084902446959e-02 8.197917658579934042e-02 3.605172297289686162e-02 2.125732716512151663e-02 5.461299416837478438e-02 7.562991800872190251e-02 4.811119178228042553e-02 2.437352985233240052e-02
4.330217184804299735e-01 1.000981211392060373e-02 8.596728929404509612e-02 1.422415957601917311e-04 4.480424447583691849e-02 3.752758460592525019e-02 7.354575240297267676e-03 7.226858582852616064e-02 8.813029367280417192e-02 1.841397781398422182e-02 4.310680759835574388e-02 3.804675339334403356e-02 6.357467217047663155e-02 2.585151806415597955e-02 3.177992565213774712e-02
4.175310630449853844e-01 3.192186584140790061e-03 8.258946752325947716e-02 1.304166837910244873e-04 4.842107282789923778e-02 3.582246071173492141e-02 1.675621684324085647e-02 5.988170079664457968e-02 8.732757928492561328e-02 3.911517135338819090e-02 3.206595010803042767e-02 3.782833907944013058e-02 8.009144877551753472e-02 2.742799820654655968e-02 3.181892817645513155e-02
4.208300096738969986e-01 1.507751901540571246e-03 7.510267342491581954e-02 1.217024975194005770e-04 4.586531349271114749e-02 2.960080174336499753e-02 2.524635228630214140e-02 6.168787669534523538e-02 8.212294924820627562e-02 5.328679091822057651e-02 2.752414980941501194e-02 3.519464133791008753e-02 8.600126973942692765e-02 2.566141477818931899e-02 3.024630245303557355e-02
5.395846537740972559e-01 2.461465003761824106e-03 3.780253376376598029e-02 2.801748753138553105e-04 1.279929335030249860e-02 6.890301822210866123e-02 2.815858426168371675e-02 2.284780642384608151e-02 3.997624666192116372e-02 6.487448882309730658e-02 7.228031132977339422e-03 2.164029981528039354e-02 4.487192866933881891e-02 7.111021647272459945e-02 3.746125874978035314e-02
5.664106263442331146e-01 1.700576214306281789e-03 3.178341922226630284e-02 6.147442945447130231e-04 2.613963071410517827e-02 9.297049169330273699e-02 2.079710593106818065e-02 1.044314936912070328e-02 4.215308287469895360e-02 4.809649169903257998e-02 3.619659699634031162e-03 3.488476519895070127e-02 3.170983515448758117e-02 6.834138463863601021e-02 2.033503695161286567e-02
5.731285274884925229e-01 1.910183549992355238e-03 4.355503878553342034e-02 6.653956912729768435e-04 2.224720409109162342e-02 6.652047877827792222e-02 2.262830104231180681e-02 3.637248488982659095e-02 4.621614092135722246e-02 5.416002626611923082e-02 1.022354098823392496e-02 2.553335567538012746e-02 3.624596342905679613e-02 4.279229846812417082e-02 1.780105993492937799e-02
5.566965286651214262e-01 1.097350612948323582e-03 3.052296336423524631e-02 4.269045238882019483e-04 2.009717084269578222e-02 8.437534638009862309e-02 2.635560191445394940e-02 1.308445888186300123e-02 4.199559779107027435e-02 5.517754969671066073e-02 3.087378357016907788e-03 2.906126726859260823e-02 3.957979388961083145e-02 7.158011835442892878e-02 2.686196945726513838e-02
